0.05 0.18 -0.97 0.11 2.11 0.35 0.08 67 67 -83
0.10 0.18 -0.97 0.10 1.59 2.23 -0.90 65 67 -85
0.15 0.19 -0.97 0.10 1.12 4.46 -2.04 67 65 -83
0.20 0.19 -0.96 0.10 1.65 3.78 -3.65 66 66 -84
0.25 0.21 -0.94 0.11 5.23 3.10 -8.39 67 65 -84
0.30 0.21 -0.95 0.11 6.97 4.06 -9.70 68 66 -82
0.35 0.20 -0.93 0.12 9.82 6.23 -15.23 65 65 -84
0.41 0.22 -0.93 0.13 11.17 13.25 -20.67 66 60 -84
0.46 0.24 -0.93 0.15 11.34 17.11 -26.69 65 61 -81
0.51 0.26 -0.92 0.15 13.60 14.92 -31.55 65 62 -83
0.56 0.27 -0.92 0.17 14.33 8.67 -34.46 65 61 -80
0.61 0.26 -0.94 0.18 16.79 4.91 -34.67 63 58 -80
0.66 0.26 -0.97 0.18 14.07 10.64 -36.60 64 58 -79
0.71 0.28 -0.97 0.18 10.05 22.32 -32.48 62 57 -77
0.76 0.31 -0.95 0.18 14.79 20.49 -28.47 59 55 -77
0.82 0.33 -0.95 0.19 18.73 15.05 -28.51 60 52 -75
0.87 0.32 -0.95 0.20 28.66 11.15 -25.99 57 53 -73
0.92 0.30 -1.01 0.19 33.86 12.94 -23.74 59 49 -69
0.97 0.22 -1.12 0.19 26.47 24.35 -14.58 58 51 -69
1.02 0.16 -1.26 0.14 17.69 20.81 12.37 59 51 -67
1.07 0.10 -1.43 0.11 9.21 11.87 64.15 62 52 -67
1.12 0.13 -1.59 0.10 -8.61 -6.12 115.42 64 55 -66
1.18 0.18 -1.63 0.11 -14.23 -31.36 151.08 67 61 -67
1.23 0.24 -1.81 0.17 -31.55 -34.30 204.38 74 71 -69
1.29 0.37 -1.88 0.14 -46.75 -45.15 244.94 76 79 -71
1.34 0.53 -1.84 0.17 9.44 -87.40 249.99 81 94 -70
1.40 0.60 -1.78 0.11 5.17 -136.03 249.99 76 113 -74
1.45 0.58 -1.49 0.26 1.71 -122.60 249.99 66 135 -70
1.51 0.62 -1.02 0.36 -46.62 -100.54 249.99 49 146 -67
1.56 0.64 -0.28 0.56 3.10 -109.21 249.99 31 149 -59
1.62 0.68 0.24 0.67 -27.73 -51.65 190.28 19 145 -56
1.67 0.58 0.56 0.84 -25.76 2.93 63.50 14 145 -57
1.73 0.50 0.71 0.94 -5.14 25.73 -27.78 14 147 -57
1.78 0.32 0.61 0.83 17.23 49.54 -126.15 19 149 -58
1.83 0.09 0.32 0.65 6.36 66.51 -211.72 30 152 -64
1.89 -0.25 -0.05 0.60 16.04 52.79 -248.22 42 148 -66
1.94 -0.56 -0.49 0.54 19.36 61.11 -189.32 52 145 -67
2.00 -0.61 -0.55 0.43 30.65 46.36 -180.32 63 138 -69
2.05 -0.65 -0.70 0.38 22.54 53.31 -174.28 68 133 -70
2.11 -0.58 -0.81 0.30 10.22 45.31 -181.41 73 125 -70
2.17 -0.50 -0.87 0.25 1.53 49.22 -169.66 76 118 -73
2.22 -0.49 -0.92 0.28 -4.38 46.65 -169.21 78 107 -72
2.28 -0.47 -1.05 0.21 -13.24 56.43 -152.66 77 99 -71
2.33 -0.37 -1.11 0.16 -13.50 56.33 -130.68 79 90 -75
2.39 -0.34 -1.13 0.16 -2.92 46.46 -117.62 78 85 -73
2.45 -0.28 -1.14 0.14 -3.34 43.39 -105.64 77 81 -73
2.50 -0.15 -1.10 0.15 6.22 34.93 -93.21 74 75 -73
2.55 -0.11 -1.08 0.18 11.99 30.41 -79.77 74 72 -70
2.61 -0.04 -1.09 0.18 11.38 23.94 -72.62 73 68 -72
2.66 0.04 -1.05 0.18 8.86 20.74 -74.67 70 65 -71
2.71 0.06 -1.06 0.20 6.29 15.77 -68.65 68 61 -68
2.77 0.08 -1.10 0.22 2.99 13.17 -60.12 66 60 -71
2.82 0.10 -1.11 0.23 -5.81 16.92 -46.89 65 57 -70
2.87 0.13 -1.07 0.22 -14.22 17.23 -43.76 66 56 -70
2.92 0.15 -1.05 0.22 -13.88 12.02 -29.53 65 54 -71
2.98 0.17 -1.01 0.23 -9.44 6.39 -12.75 64 55 -71
3.03 0.22 -1.00 0.23 -8.52 5.13 -3.91 63 54 -71
3.08 0.25 -0.96 0.23 -8.18 1.68 -1.36 64 56 -71
3.13 0.27 -0.94 0.23 -3.46 -0.63 2.72 62 54 -72
3.19 0.28 -0.93 0.24 -4.56 0.16 2.73 63 56 -71
3.24 0.30 -0.92 0.24 -1.85 -1.71 4.58 64 56 -71
3.29 0.30 -0.92 0.23 -0.82 -5.33 3.59 64 53 -71
3.34 0.30 -0.91 0.23 -0.72 -5.44 3.66 62 55 -73
3.39 0.31 -0.91 0.23 -1.05 -5.58 1.86 62 55 -71
3.44 0.30 -0.90 0.23 -1.01 -3.59 0.46 64 56 -73
3.49 0.31 -0.89 0.23 1.59 -5.50 -2.56 61 57 -73
3.54 0.31 -0.90 0.24 3.22 -5.03 -5.27 64 54 -74
3.59 0.31 -0.90 0.24 5.36 -4.82 -8.33 61 54 -72
3.65 0.31 -0.90 0.24 7.11 -7.10 -12.63 63 55 -73
3.70 0.30 -0.91 0.25 8.91 -7.13 -13.82 62 54 -72
3.75 0.31 -0.93 0.24 9.94 -4.44 -15.89 61 51 -72
3.80 0.33 -0.94 0.23 10.06 -5.83 -16.55 61 53 -73
3.85 0.32 -0.91 0.22 10.06 -2.85 -21.38 60 52 -73
3.90 0.33 -0.88 0.22 14.20 -5.79 -26.60 60 52 -71
3.96 0.31 -0.92 0.21 16.02 -2.59 -32.08 59 50 -71
4.01 0.30 -1.01 0.21 10.38 6.13 -27.73 56 50 -71
4.06 0.25 -1.08 0.20 20.29 1.66 -10.60 55 47 -70
4.11 0.20 -1.20 0.14 13.28 -5.13 21.83 56 49 -68
4.17 0.21 -1.30 0.14 12.86 -13.07 60.82 59 52 -68
4.22 0.21 -1.42 0.09 4.36 -14.92 85.21 62 57 -67
4.27 0.17 -1.56 0.06 -19.49 -22.96 109.87 64 55 -70
4.32 0.13 -1.70 0.06 -24.42 -38.38 150.55 68 63 -69
4.38 0.19 -1.97 0.01 -34.14 -38.90 208.47 73 72 -74
4.44 0.47 -2.00 -0.09 -56.13 -49.76 249.99 78 83 -77
4.49 0.73 -1.91 -0.06 -50.49 -93.51 249.99 80 97 -78
4.55 0.85 -1.70 0.04 -22.57 -144.45 249.99 77 120 -81
4.61 0.86 -1.31 0.20 -14.30 -167.44 249.99 61 141 -76
4.66 0.77 -0.76 0.39 -5.94 -204.12 249.99 39 150 -68
4.72 0.76 -0.11 0.63 41.87 -170.01 249.99 21 147 -56
4.78 0.68 0.24 0.67 -20.21 -72.60 189.92 10 142 -50
4.83 0.61 0.51 0.81 -30.31 -12.97 88.66 3 138 -49
4.88 0.43 0.63 0.84 -22.09 11.55 8.83 4 139 -48
4.94 0.26 0.68 0.84 -14.11 31.32 -75.82 9 141 -49
4.99 0.03 0.51 0.71 -26.60 43.26 -135.45 14 142 -50
5.04 -0.19 0.29 0.76 -3.83 17.74 -157.51 21 146 -52
5.10 -0.35 0.08 0.72 -1.66 36.29 -157.43 30 146 -54
5.15 -0.46 -0.10 0.63 -10.43 59.76 -184.56 37 147 -54
5.21 -0.50 -0.23 0.56 -9.08 74.25 -183.54 47 146 -62
5.27 -0.53 -0.37 0.40 -14.78 68.16 -190.50 57 141 -63
5.32 -0.52 -0.50 0.43 2.74 58.25 -191.75 65 131 -67
5.38 -0.49 -0.71 0.38 -6.00 57.93 -189.96 67 125 -71
5.43 -0.47 -0.82 0.33 -8.29 63.03 -195.82 76 117 -67
5.49 -0.39 -0.95 0.32 -5.33 66.37 -192.95 76 107 -69
5.55 -0.36 -1.16 0.26 -13.34 64.27 -177.87 79 99 -71
5.60 -0.26 -1.20 0.26 -11.15 54.08 -184.19 78 87 -73
5.66 -0.22 -1.21 0.30 -5.49 55.68 -163.60 76 80 -72
5.71 -0.10 -1.22 0.25 -13.89 72.38 -142.06 75 73 -71
5.77 0.03 -1.13 0.20 -19.26 72.59 -131.77 71 67 -69
5.82 0.11 -1.10 0.21 -10.88 63.35 -111.38 68 58 -70
5.88 0.20 -1.10 0.21 6.36 35.37 -98.43 63 55 -69
5.93 0.24 -1.13 0.23 23.12 13.27 -73.39 62 54 -68
5.99 0.23 -1.18 0.27 21.71 1.10 -52.12 61 53 -67
6.04 0.21 -1.17 0.29 3.30 12.32 -27.16 60 51 -66
6.09 0.21 -1.13 0.29 -10.57 22.80 -4.30 59 52 -67
6.14 0.24 -1.03 0.26 -19.40 19.93 12.49 58 53 -65
6.20 0.30 -0.93 0.25 -16.19 6.85 21.00 60 53 -64
6.25 0.34 -0.87 0.25 -11.70 -0.65 20.43 59 53 -66
6.30 0.36 -0.85 0.26 -8.69 -5.54 19.55 61 55 -65
6.35 0.38 -0.86 0.27 -6.49 -13.73 17.38 62 54 -67
6.41 0.38 -0.86 0.29 -2.04 -19.47 15.50 63 54 -65
6.46 0.36 -0.86 0.31 1.24 -23.62 10.38 62 55 -68
6.51 0.34 -0.85 0.33 5.57 -23.48 8.71 62 54 -70
6.56 0.31 -0.84 0.34 5.28 -15.63 6.55 62 56 -69
6.61 0.32 -0.84 0.33 6.43 -9.67 0.04 64 56 -69
6.66 0.32 -0.86 0.32 6.93 -8.49 -3.97 64 55 -69
6.72 0.33 -0.86 0.31 5.94 -6.33 -5.70 64 54 -70
6.77 0.33 -0.87 0.31 7.30 -6.93 -7.47 62 57 -70
6.82 0.34 -0.87 0.31 6.86 -2.26 -10.06 63 55 -71
6.87 0.34 -0.85 0.29 8.39 -2.30 -20.74 61 55 -72
6.92 0.34 -0.86 0.31 17.07 -5.40 -28.38 61 53 -69
6.97 0.31 -0.91 0.31 20.15 -3.76 -40.60 59 53 -67
7.03 0.26 -1.03 0.29 21.38 1.76 -32.44 59 51 -69
7.08 0.25 -1.08 0.25 6.67 9.77 -14.80 59 50 -66
7.13 0.27 -1.11 0.21 -8.38 14.45 -4.96 56 49 -66
7.18 0.25 -1.18 0.17 -13.20 15.08 16.93 59 51 -64
7.23 0.26 -1.25 0.11 -20.95 -8.50 42.14 60 52 -66
7.29 0.27 -1.32 0.10 -15.14 -24.37 74.91 63 53 -68
7.34 0.27 -1.48 0.02 -29.98 -41.10 104.80 65 57 -70
7.40 0.32 -1.61 0.01 -42.69 -47.66 158.48 70 63 -73
7.45 0.43 -1.68 -0.05 -51.73 -63.80 195.22 73 71 -77
7.51 0.56 -1.76 -0.07 -33.20 -107.98 244.39 77 82 -83
7.56 0.63 -1.69 -0.01 7.84 -148.22 249.99 81 99 -80
7.62 0.66 -1.54 0.19 48.93 -168.91 249.99 75 123 -79
7.68 0.62 -1.12 0.39 32.52 -129.23 249.99 60 140 -72
7.73 0.56 -0.44 0.57 1.17 -83.14 249.99 44 148 -67
7.78 0.51 -0.01 0.62 -45.08 -22.78 210.62 31 150 -65
7.84 0.34 0.28 0.68 -40.52 -9.55 118.53 23 151 -63
7.90 0.18 0.38 0.69 -13.65 -31.94 71.48 20 148 -62
7.95 0.02 0.46 0.73 0.29 -31.34 0.50 19 146 -61
8.00 -0.09 0.47 0.70 -8.97 10.19 -69.05 22 151 -61
8.06 -0.16 0.32 0.56 -36.65 59.29 -135.54 28 149 -64
8.11 -0.26 0.11 0.54 -1.09 38.15 -185.79 38 150 -69
8.17 -0.41 -0.29 0.50 16.66 24.19 -216.28 48 145 -68
8.22 -0.50 -0.59 0.49 -0.98 65.00 -195.63 56 139 -69
8.28 -0.50 -0.68 0.40 5.23 69.68 -216.52 65 133 -73
8.33 -0.47 -0.93 0.33 7.63 65.84 -215.18 71 123 -74
8.39 -0.42 -1.08 0.31 24.13 44.56 -201.00 75 114 -75
8.44 -0.43 -1.20 0.30 18.17 42.82 -188.68 78 103 -72
8.50 -0.37 -1.28 0.28 5.48 55.36 -178.57 77 93 -73
8.56 -0.26 -1.20 0.23 -0.69 58.33 -169.88 78 85 -71
8.61 -0.17 -1.19 0.23 -5.39 58.63 -152.51 76 78 -71
8.67 -0.06 -1.23 0.21 -12.31 55.05 -158.36 74 70 -69
8.72 0.02 -1.22 0.24 -29.72 66.44 -112.40 69 64 -69
8.78 0.13 -1.10 0.28 -12.60 53.98 -106.03 67 60 -68
8.83 0.20 -1.12 0.28 -9.25 45.64 -85.60 65 55 -68
8.89 0.22 -1.13 0.27 -1.41 35.39 -59.20 60 53 -67
8.94 0.25 -1.10 0.26 6.95 13.56 -27.56 61 52 -66
8.99 0.27 -1.05 0.24 14.40 -9.07 -3.64 60 53 -66
9.04 0.27 -0.98 0.26 8.80 -12.98 13.62 62 51 -68
9.09 0.30 -0.91 0.28 -0.76 -6.94 17.55 62 53 -64
9.15 0.32 -0.86 0.29 -4.55 -6.97 17.11 63 54 -65
9.20 0.34 -0.86 0.30 -3.35 -12.47 17.96 61 54 -65
9.25 0.35 -0.86 0.33 -4.24 -14.63 21.30 62 55 -69
9.30 0.37 -0.85 0.34 -6.03 -15.93 20.06 63 56 -70
9.36 0.37 -0.83 0.36 -4.11 -14.39 17.68 65 56 -69
9.41 0.36 -0.81 0.38 -2.85 -13.26 12.27 65 57 -69
9.46 0.36 -0.79 0.36 -1.08 -10.51 4.69 66 58 -71
9.52 0.36 -0.80 0.36 2.04 -8.23 -2.57 64 56 -70
9.57 0.34 -0.83 0.35 3.84 -5.44 -7.61 66 58 -69
9.62 0.35 -0.85 0.34 5.52 -5.33 -10.19 63 55 -72
9.67 0.35 -0.86 0.33 8.55 -7.32 -11.63 63 55 -70
9.72 0.34 -0.86 0.32 8.88 -4.75 -12.02 62 57 -70
9.77 0.34 -0.86 0.33 8.06 -4.83 -16.17 63 55 -70
9.82 0.34 -0.87 0.34 7.89 -0.92 -15.48 62 54 -71
9.88 0.34 -0.88 0.33 2.14 5.75 -18.59 63 56 -70
9.93 0.36 -0.87 0.32 0.62 9.53 -20.00 62 56 -70
9.98 0.36 -0.87 0.31 -1.37 10.77 -21.58 60 52 -70
10.03 0.36 -0.89 0.29 -1.14 10.42 -24.41 59 52 -69
10.09 0.37 -0.91 0.28 4.99 7.22 -19.53 60 55 -68
10.14 0.36 -0.93 0.27 10.67 0.37 -11.35 58 52 -68
10.19 0.35 -0.98 0.26 17.62 -7.40 -8.10 58 48 -66
10.24 0.32 -1.10 0.25 11.07 -8.38 -6.39 57 51 -68
10.30 0.21 -1.23 0.23 -10.63 1.65 12.15 58 50 -67
10.35 0.23 -1.37 0.19 -32.09 8.41 56.73 60 53 -68
10.40 0.29 -1.47 0.14 -29.66 -20.74 93.41 61 56 -69
10.46 0.28 -1.59 0.09 -25.08 -41.24 149.28 66 60 -70
10.51 0.33 -1.76 0.03 -57.52 -37.69 192.42 70 68 -74
10.57 0.56 -1.71 0.01 -55.26 -61.61 245.96 77 78 -78
10.63 0.69 -1.57 0.03 -33.00 -110.95 249.99 78 92 -83
10.68 0.64 -1.39 0.17 -13.48 -129.65 249.99 78 109 -84
10.74 0.50 -1.15 0.28 9.27 -146.29 249.99 69 132 -82
10.80 0.42 -0.79 0.44 9.24 -132.01 249.99 54 143 -75
10.85 0.35 -0.36 0.58 14.63 -123.42 249.99 38 151 -68
10.91 0.31 0.15 0.70 -7.59 -39.03 200.49 25 151 -62
10.97 0.24 0.42 0.71 -14.84 13.02 92.37 20 149 -63
11.02 0.04 0.52 0.66 -9.12 20.24 5.58 19 149 -65
11.07 -0.19 0.55 0.64 11.43 9.60 -47.53 20 150 -67
11.13 -0.33 0.39 0.61 12.37 10.02 -95.89 24 151 -66
11.18 -0.44 0.21 0.61 17.42 22.09 -130.05 30 152 -68
11.24 -0.54 -0.06 0.56 20.69 31.04 -156.95 41 149 -67
11.30 -0.62 -0.30 0.46 7.71 48.16 -149.73 47 144 -71
11.35 -0.61 -0.40 0.37 14.79 44.60 -154.54 55 141 -73
11.41 -0.63 -0.47 0.33 18.84 34.03 -165.13 61 137 -74
11.47 -0.62 -0.61 0.28 10.39 39.76 -170.28 68 131 -73
11.52 -0.63 -0.72 0.29 16.61 25.16 -167.86 70 122 -74
11.58 -0.58 -0.87 0.31 10.70 35.51 -168.00 77 113 -73
11.64 -0.47 -1.00 0.30 0.33 43.75 -165.18 78 104 -73
11.69 -0.34 -1.00 0.27 -6.07 59.59 -169.02 78 96 -74
11.75 -0.19 -1.10 0.25 -1.14 48.81 -176.75 74 87 -73
11.81 -0.09 -1.13 0.25 5.35 47.16 -168.17 76 77 -73
11.86 -0.04 -1.21 0.26 0.27 46.61 -156.88 72 70 -71
11.92 0.03 -1.23 0.27 -4.91 54.90 -136.06 69 64 -72
11.97 0.12 -1.16 0.28 4.96 41.44 -121.99 65 58 -71
12.03 0.18 -1.17 0.28 12.41 29.46 -100.60 62 57 -68
12.08 0.23 -1.20 0.24 6.18 17.24 -72.69 59 53 -65
12.13 0.23 -1.19 0.24 2.45 13.29 -21.43 61 51 -69
12.19 0.27 -1.10 0.23 -5.85 9.28 15.08 59 50 -68
12.24 0.31 -0.98 0.24 -8.33 5.35 28.47 59 54 -67
12.29 0.33 -0.88 0.25 -7.42 -3.92 29.70 62 54 -67
12.34 0.36 -0.84 0.27 0.72 -12.61 27.31 62 55 -66
12.40 0.37 -0.84 0.30 -0.20 -12.30 27.59 64 54 -67
12.45 0.38 -0.82 0.32 4.76 -20.74 21.84 63 54 -68
12.50 0.37 -0.83 0.35 7.12 -25.65 18.03 64 57 -66
12.56 0.36 -0.81 0.38 9.94 -24.41 15.07 66 58 -69
12.61 0.35 -0.80 0.40 8.13 -16.34 6.69 67 57 -69
12.66 0.34 -0.79 0.41 6.65 -6.58 -0.43 68 57 -69
12.71 0.34 -0.81 0.40 3.75 2.59 -2.39 65 58 -68
12.77 0.34 -0.81 0.38 1.81 6.77 -7.58 66 58 -66
12.82 0.35 -0.82 0.35 -4.60 10.06 -10.96 63 59 -69
12.87 0.37 -0.82 0.33 -6.48 11.86 -17.87 65 57 -68
12.93 0.36 -0.74 0.31 2.30 5.87 -32.92 62 56 -68
12.98 0.34 -0.79 0.33 20.79 1.18 -57.72 61 54 -66
13.03 0.27 -0.99 0.29 13.74 18.26 -62.58 59 49 -65
13.08 0.23 -1.20 0.22 -0.11 28.17 -37.22 59 49 -64
13.14 0.19 -1.31 0.19 10.92 7.83 15.10 57 52 -64
13.19 0.11 -1.41 0.17 1.00 -7.78 44.20 58 51 -64
13.24 0.10 -1.48 0.18 -16.75 -3.11 91.21 61 53 -65
13.30 0.12 -1.56 0.12 -30.09 -12.50 129.80 66 60 -64
13.35 0.15 -1.72 0.05 -19.40 -58.72 181.47 71 65 -68
13.41 0.38 -1.83 0.10 -31.29 -43.05 244.96 74 74 -70
13.47 0.59 -1.72 0.10 -49.38 -59.97 249.99 80 87 -73
13.52 0.59 -1.55 0.19 -24.86 -107.23 249.99 80 104 -73
13.58 0.54 -1.37 0.31 -30.36 -103.31 249.99 74 124 -78
13.64 0.46 -1.16 0.39 -54.31 -108.82 249.99 61 139 -77
13.69 0.42 -0.76 0.49 -31.14 -149.73 249.99 44 147 -71
13.75 0.35 -0.23 0.67 9.43 -143.78 249.99 29 149 -62
13.81 0.40 0.21 0.83 15.91 -63.42 213.29 16 147 -58
13.86 0.38 0.53 0.77 -21.52 16.27 67.80 10 145 -59
13.92 0.24 0.60 0.75 -16.00 34.48 -56.35 12 147 -59
13.97 0.08 0.46 0.74 -7.01 24.80 -120.55 18 148 -60
14.03 -0.10 0.23 0.71 5.67 25.96 -147.00 25 149 -62
14.08 -0.28 0.02 0.64 17.28 33.42 -168.36 34 149 -64
14.14 -0.44 -0.25 0.50 9.28 32.99 -199.28 42 146 -64
14.20 -0.51 -0.42 0.54 13.89 44.46 -192.18 53 140 -67
14.25 -0.50 -0.58 0.40 -1.46 48.33 -207.43 62 137 -68
14.31 -0.49 -0.67 0.39 22.33 27.45 -211.69 69 127 -68
14.37 -0.43 -0.92 0.35 10.12 31.36 -215.85 75 117 -67
14.43 -0.39 -1.09 0.35 5.58 31.95 -212.29 77 109 -69
14.48 -0.34 -1.19 0.33 -13.11 36.04 -196.47 78 98 -67
14.54 -0.25 -1.25 0.37 -6.81 37.42 -178.31 78 88 -67
14.60 -0.14 -1.20 0.33 -19.76 54.63 -177.11 77 79 -68
14.65 -0.04 -1.17 0.31 -27.47 65.84 -154.03 75 69 -69
14.71 0.05 -1.19 0.35 -19.96 64.16 -148.57 70 65 -67
14.77 0.10 -1.20 0.32 -26.56 74.63 -117.77 67 59 -67
14.82 0.16 -1.14 0.30 -15.64 55.35 -99.30 63 55 -65
14.88 0.17 -1.16 0.29 -6.97 34.87 -61.35 61 52 -65
14.93 0.18 -1.15 0.29 -6.47 22.64 -25.99 60 51 -65
14.98 0.21 -1.09 0.28 -7.87 11.62 4.33 59 52 -62
15.04 0.25 -1.02 0.29 -11.51 4.68 26.10 60 52 -64
15.09 0.29 -0.95 0.29 -14.34 1.31 34.15 63 54 -64
15.14 0.33 -0.89 0.30 -14.90 -4.16 34.87 62 56 -65
15.20 0.35 -0.86 0.33 -10.11 -11.09 31.49 64 53 -64
15.25 0.34 -0.84 0.34 -6.88 -18.14 29.20 65 57 -65
15.31 0.33 -0.82 0.35 0.64 -22.96 25.46 66 56 -65
15.36 0.32 -0.81 0.37 4.68 -25.97 22.93 65 58 -68
15.41 0.31 -0.80 0.38 7.16 -24.78 13.48 66 59 -67
15.47 0.29 -0.81 0.39 7.26 -18.16 7.74 65 59 -70
15.52 0.29 -0.83 0.39 2.86 -6.69 3.34 66 59 -68
15.57 0.30 -0.83 0.38 -1.14 -3.38 -3.16 68 58 -69
15.62 0.28 -0.82 0.38 2.44 -4.28 -4.65 67 59 -68
15.67 0.29 -0.83 0.38 -0.21 0.86 -11.15 64 60 -69
15.73 0.31 -0.83 0.35 -3.67 6.81 -15.75 65 59 -69
15.78 0.32 -0.81 0.32 -2.15 7.03 -23.57 63 58 -68
15.83 0.33 -0.80 0.32 2.37 5.10 -32.94 64 56 -67
15.88 0.34 -0.83 0.32 13.03 0.29 -40.57 62 56 -68
15.94 0.33 -0.88 0.34 22.85 -6.39 -51.49 62 54 -67
15.99 0.28 -1.00 0.35 19.07 1.62 -53.00 58 51 -66
16.04 0.23 -1.13 0.33 10.14 11.57 -33.12 58 52 -66
16.10 0.19 -1.19 0.28 11.18 11.59 24.38 58 49 -64
16.15 0.20 -1.14 0.24 16.51 -9.26 45.31 61 53 -64
16.20 0.24 -1.12 0.23 15.16 -26.40 54.47 62 54 -64
16.26 0.20 -1.18 0.25 12.20 -34.96 68.32 65 58 -67
16.31 0.15 -1.26 0.27 6.56 -33.96 86.05 65 60 -66
16.37 0.03 -1.35 0.25 2.03 -32.43 110.42 69 62 -67
16.42 0.05 -1.65 0.26 4.42 -41.67 171.43 73 68 -67
16.47 0.23 -1.80 0.22 -38.25 -20.69 206.16 77 80 -69
16.53 0.40 -1.68 0.23 -50.52 -36.25 242.56 79 90 -74
16.59 0.49 -1.54 0.26 -41.74 -69.05 249.99 79 105 -76
16.64 0.49 -1.31 0.33 -3.17 -99.17 249.99 74 123 -76
16.70 0.41 -1.05 0.43 -11.36 -109.08 249.99 63 137 -76
16.76 0.38 -0.65 0.60 3.97 -66.77 249.99 49 146 -70
16.81 0.36 -0.18 0.61 -19.74 -42.43 246.12 34 149 -65
16.87 0.34 0.35 0.63 -3.62 -47.46 145.55 24 151 -65
16.93 0.22 0.48 0.66 -4.85 -31.61 37.32 20 150 -63
16.98 0.09 0.54 0.74 2.26 -6.31 -54.53 26 149 -62
17.03 0.01 0.42 0.74 19.67 21.87 -102.26 30 150 -63
17.09 -0.06 0.25 0.62 15.66 53.71 -181.38 37 151 -65
17.14 -0.05 -0.17 0.56 37.74 62.23 -247.84 51 146 -69
17.20 -0.28 -0.60 0.38 39.23 58.23 -250.00 62 136 -69
17.26 -0.16 -0.92 0.43 51.88 66.33 -250.00 71 127 -69
17.32 -0.18 -1.09 0.30 47.22 52.36 -250.00 76 112 -66
17.37 -0.19 -1.39 0.36 51.53 46.36 -250.00 79 97 -64
17.43 -0.13 -1.58 0.31 39.27 35.39 -250.00 76 84 -62
17.48 -0.09 -1.59 0.33 19.86 27.28 -228.72 73 73 -60
17.54 -0.04 -1.58 0.33 -9.77 45.68 -189.08 69 65 -60
17.60 -0.03 -1.47 0.32 -21.87 49.95 -136.90 65 60 -59
17.65 0.04 -1.33 0.27 -46.46 55.70 -111.28 64 55 -59
17.71 0.06 -1.26 0.27 -35.06 30.91 -55.55 61 51 -57
17.76 0.09 -1.17 0.29 -20.54 6.96 -15.89 58 52 -59
17.82 0.15 -1.08 0.33 -12.76 -10.37 14.74 60 54 -58
17.87 0.20 -1.01 0.37 -7.14 -15.56 36.26 59 54 -61
17.93 0.25 -0.94 0.39 -5.21 -18.51 42.99 59 54 -61
17.98 0.31 -0.89 0.39 -9.98 -14.05 45.76 63 55 -62
18.04 0.32 -0.80 0.40 -5.13 -13.60 41.60 66 56 -63
18.09 0.33 -0.74 0.40 -0.26 -13.71 30.72 67 57 -65
18.14 0.35 -0.71 0.40 4.06 -18.94 14.48 67 61 -63
18.20 0.33 -0.70 0.41 15.55 -23.36 -0.56 66 60 -64
18.25 0.31 -0.73 0.43 18.33 -18.86 -13.55 66 59 -64
18.31 0.31 -0.76 0.43 19.06 -9.09 -27.33 66 58 -65
18.36 0.33 -0.82 0.41 16.79 -8.77 -35.48 65 57 -62
18.42 0.31 -0.86 0.43 21.94 -8.90 -32.07 64 57 -64
18.47 0.29 -0.88 0.44 21.56 -10.66 -27.57 62 54 -61
18.52 0.29 -0.90 0.43 19.45 -7.48 -18.45 62 54 -61
18.58 0.28 -0.91 0.43 12.18 -4.88 -10.89 63 53 -63
18.63 0.29 -0.89 0.43 3.40 0.12 0.32 62 54 -61
18.68 0.32 -0.85 0.43 0.79 1.97 7.16 62 57 -62
18.73 0.33 -0.79 0.42 9.70 -4.90 8.62 62 54 -63
18.79 0.31 -0.76 0.41 29.60 -17.39 3.88 61 55 -62
18.84 0.28 -0.89 0.43 44.17 -23.49 -4.39 63 54 -60
18.89 0.16 -1.10 0.37 8.65 -1.50 13.27 61 53 -59
18.94 0.08 -1.14 0.35 2.07 -8.04 38.96 64 55 -60
19.00 0.05 -1.26 0.37 5.52 -25.88 68.98 64 57 -59
19.05 -0.02 -1.44 0.46 -5.07 -14.51 86.79 68 58 -63
19.10 0.03 -1.69 0.45 -31.51 2.71 114.61 69 65 -62
19.16 0.18 -1.80 0.45 -28.40 -17.56 180.64 74 70 -64
19.21 0.36 -1.88 0.39 -4.69 -25.94 246.17 80 81 -65
19.27 0.59 -1.90 0.33 -10.05 -37.39 249.99 80 93 -68
19.32 0.77 -1.78 0.35 22.00 -77.98 249.99 79 113 -67
19.38 0.86 -1.48 0.36 -26.63 -65.96 249.99 67 135 -67
19.44 0.84 -0.76 0.51 -39.02 -34.77 249.99 47 145 -67
19.50 0.72 -0.08 0.66 -27.95 -75.97 249.99 33 149 -63
19.55 0.59 0.35 0.79 1.09 -60.96 194.94 20 147 -60
19.61 0.50 0.64 0.86 -4.10 9.99 82.85 16 145 -59
19.66 0.40 0.73 0.81 -16.13 48.38 -29.88 15 148 -58
19.71 0.22 0.63 0.69 8.67 33.68 -119.00 21 150 -61
19.77 0.08 0.34 0.56 16.37 37.16 -181.32 31 149 -65
19.82 -0.08 -0.01 0.45 15.34 42.86 -240.81 42 147 -66
19.88 -0.31 -0.47 0.48 23.38 15.38 -250.00 54 143 -67
19.94 -0.41 -0.77 0.52 20.78 44.10 -226.50 64 134 -67
20.00 -0.40 -0.92 0.44 20.07 47.23 -239.15 73 124 -66
20.05 -0.43 -1.08 0.39 33.10 31.06 -222.88 76 115 -65
20.11 -0.33 -1.28 0.42 26.76 15.14 -197.68 80 102 -62
20.17 -0.34 -1.22 0.41 17.65 25.63 -191.90 78 92 -61
20.22 -0.26 -1.37 0.38 -53.76 88.56 -203.32 78 83 -65
20.28 -0.13 -1.34 0.27 -56.63 100.40 -176.93 76 74 -67
20.34 -0.08 -1.26 0.25 51.19 3.96 -88.28 71 68 -63
20.39 -0.06 -1.21 0.23 17.98 6.01 -82.15 70 66 -63
20.45 -0.03 -1.20 0.29 -5.49 19.25 -82.57 71 62 -64
20.50 -0.02 -1.16 0.29 0.58 0.22 -46.75 67 60 -62
20.55 0.04 -1.10 0.29 -11.95 -7.28 -33.94 67 59 -63
20.61 0.05 -1.05 0.36 -10.08 -14.23 -13.56 66 58 -63
20.67 0.14 -1.01 0.39 -8.67 -15.17 6.15 65 58 -64
20.72 0.23 -0.95 0.40 -3.06 -23.02 15.07 66 59 -65
20.77 0.28 -0.90 0.43 2.28 -24.39 21.75 67 61 -66
20.82 0.33 -0.83 0.43 8.73 -21.46 18.00 67 61 -66
20.88 0.32 -0.79 0.44 13.08 -16.39 11.31 65 61 -66
20.93 0.32 -0.75 0.43 14.82 -10.06 3.24 66 60 -67
20.99 0.31 -0.74 0.42 19.81 -10.86 -13.85 67 58 -66
21.04 0.31 -0.76 0.41 22.32 -15.43 -19.37 66 59 -63
21.09 0.29 -0.79 0.42 22.44 -13.21 -27.86 64 59 -64
21.15 0.28 -0.84 0.45 12.68 -1.22 -34.48 65 56 -63
21.20 0.24 -0.89 0.44 -1.32 11.63 -40.03 63 54 -65
21.26 0.21 -0.94 0.44 2.00 15.91 -29.51 64 54 -64
21.31 0.20 -1.02 0.39 -0.24 17.26 -11.12 60 53 -62
21.37 0.20 -1.08 0.35 -5.47 12.18 18.71 63 53 -64
21.42 0.18 -1.11 0.37 -1.21 -4.93 39.12 64 56 -60
21.47 0.16 -1.19 0.39 -10.89 -0.89 57.19 66 56 -61
21.53 0.12 -1.34 0.43 -14.61 1.32 87.01 68 60 -64
21.58 0.14 -1.50 0.37 -10.39 -8.77 118.64 70 64 -63
21.63 0.20 -1.59 0.30 -14.94 -28.62 169.62 72 69 -66
21.69 0.25 -1.70 0.32 -1.97 -58.35 208.70 80 78 -67
21.75 0.41 -1.82 0.33 -10.52 -55.05 249.99 80 92 -65
21.80 0.63 -1.74 0.40 -13.28 -70.95 249.99 80 111 -69
21.86 0.74 -1.39 0.53 -24.10 -52.22 249.99 68 131 -70
21.92 0.73 -0.75 0.62 -12.99 -45.49 249.99 51 146 -70
21.97 0.58 -0.13 0.66 0.67 -51.02 249.99 33 151 -65
22.03 0.52 0.39 0.68 -4.81 -3.42 190.44 23 150 -62
22.08 0.30 0.63 0.65 -32.73 29.32 35.35 19 149 -66
22.14 0.10 0.68 0.65 -4.00 4.88 -42.32 22 151 -67
22.19 -0.08 0.59 0.59 17.91 -15.37 -70.12 23 151 -64
22.25 -0.16 0.46 0.65 33.87 -4.71 -129.01 30 149 -65
22.30 -0.26 0.16 0.57 18.49 6.81 -207.05 41 148 -65
22.36 -0.41 -0.22 0.57 20.90 21.13 -238.96 51 143 -67
22.41 -0.47 -0.46 0.53 15.43 64.15 -200.62 63 139 -68
22.47 -0.42 -0.60 0.36 26.48 55.27 -223.59 69 127 -69
22.53 -0.42 -0.84 0.38 50.04 34.64 -227.80 75 119 -65
22.59 -0.39 -1.04 0.36 23.47 37.32 -205.71 79 107 -65
22.64 -0.36 -1.14 0.37 33.80 34.06 -184.84 79 101 -65
22.70 -0.29 -1.23 0.36 28.50 15.55 -170.24 78 88 -62
22.76 -0.21 -1.19 0.39 21.61 5.79 -154.20 77 79 -63
22.81 -0.15 -1.17 0.42 19.49 13.15 -133.48 74 73 -58
22.87 -0.02 -1.13 0.43 2.18 4.78 -128.03 73 70 -61
22.92 0.04 -1.16 0.47 1.11 5.40 -116.06 69 64 -57
22.97 0.09 -1.19 0.44 0.95 -7.12 -78.09 69 60 -60
23.03 0.10 -1.14 0.42 6.90 -32.83 -42.72 66 58 -59
23.08 0.13 -1.05 0.47 -11.05 -19.67 -22.00 67 56 -60
23.14 0.19 -0.94 0.49 -16.62 -11.43 -19.31 68 58 -62
23.19 0.20 -0.88 0.49 -7.01 -8.56 -7.72 67 56 -62
23.25 0.22 -0.86 0.48 -3.07 -9.09 -3.49 62 56 -64
23.30 0.24 -0.88 0.48 -2.01 -6.60 8.12 64 57 -64
23.35 0.27 -0.88 0.49 -5.32 1.48 15.91 66 58 -64
23.40 0.31 -0.85 0.47 -13.73 9.11 20.00 65 57 -63
23.46 0.33 -0.80 0.44 -15.25 11.69 18.22 65 57 -64
23.51 0.33 -0.77 0.42 -12.95 7.95 15.01 66 60 -63
23.56 0.33 -0.74 0.42 -6.72 2.51 10.31 66 60 -65
23.62 0.34 -0.74 0.42 -5.78 2.32 3.52 69 59 -64
23.67 0.36 -0.74 0.41 -7.58 2.10 -6.84 67 60 -64
23.72 0.37 -0.75 0.43 -4.57 1.46 -13.83 66 57 -65
23.77 0.37 -0.75 0.44 0.66 0.31 -24.21 66 58 -65
23.82 0.36 -0.75 0.44 2.37 4.55 -34.68 65 57 -65
23.88 0.36 -0.78 0.41 5.18 3.91 -52.73 62 55 -63
23.93 0.34 -0.85 0.40 13.66 4.17 -61.49 62 54 -63
23.98 0.30 -0.96 0.40 10.34 14.28 -66.69 58 50 -65
24.04 0.26 -1.09 0.37 0.27 18.67 -48.77 57 48 -62
24.09 0.23 -1.15 0.34 10.95 8.25 -15.72 55 48 -63
24.14 0.22 -1.26 0.34 13.19 -9.35 25.70 57 49 -62
24.19 0.22 -1.31 0.36 10.97 -10.60 73.91 58 50 -62
24.25 0.26 -1.39 0.34 -3.23 -13.08 107.80 64 55 -61
24.30 0.29 -1.41 0.35 -27.39 -7.19 153.76 67 59 -63
24.36 0.33 -1.41 0.34 -22.95 -19.27 161.23 70 65 -64
24.42 0.30 -1.56 0.31 -19.10 -33.01 189.35 75 71 -64
24.47 0.37 -1.71 0.32 5.55 -48.00 249.99 80 85 -67
24.53 0.53 -1.70 0.33 6.68 -61.12 249.99 80 100 -68
24.58 0.65 -1.42 0.43 12.20 -71.93 249.99 75 121 -68
24.64 0.64 -0.90 0.51 -6.62 -64.73 249.99 62 136 -66
24.69 0.62 -0.42 0.58 -14.05 -72.94 249.99 48 147 -64
24.75 0.43 0.03 0.61 -6.94 -52.86 213.97 35 150 -60
24.80 0.37 0.32 0.71 -23.57 -32.75 141.65 28 149 -58
24.86 0.25 0.55 0.73 0.88 -5.37 50.31 23 147 -56
24.91 0.10 0.60 0.74 -15.04 21.58 -43.79 23 149 -59
24.97 -0.09 0.51 0.68 -4.42 33.09 -106.93 28 149 -59
25.02 -0.18 0.29 0.64 8.18 35.93 -156.94 36 149 -62
25.08 -0.26 -0.01 0.55 15.23 40.53 -212.77 50 146 -62
25.14 -0.35 -0.36 0.48 12.11 47.16 -231.38 59 138 -65
25.19 -0.34 -0.62 0.43 19.42 53.75 -228.94 68 130 -66
25.25 -0.29 -0.72 0.37 20.61 51.16 -238.99 73 120 -66
25.31 -0.20 -0.95 0.39 28.38 42.92 -241.34 77 109 -64
25.37 -0.14 -1.27 0.41 25.22 23.29 -243.05 79 94 -65
25.42 -0.04 -1.34 0.46 51.78 -18.20 -218.03 77 84 -61
25.48 -0.06 -1.35 0.47 15.53 9.22 -195.37 77 76 -61
25.53 0.04 -1.42 0.43 23.61 -12.85 -164.71 71 66 -58
25.59 0.10 -1.26 0.39 -20.73 11.13 -137.91 65 61 -60
25.65 0.19 -1.13 0.41 -1.94 -19.15 -110.47 65 56 -61
25.70 0.25 -1.11 0.48 -5.86 -15.73 -102.90 63 53 -59
25.76 0.26 -1.18 0.52 -30.59 6.14 -78.56 58 51 -61
25.81 0.24 -1.17 0.52 -26.37 0.48 -27.61 56 51 -62
25.87 0.25 -1.03 0.53 3.22 -14.14 25.44 57 49 -64
25.92 0.28 -0.90 0.49 6.62 -11.42 52.14 57 51 -64
25.97 0.37 -0.79 0.46 -4.53 4.92 50.48 61 52 -64
26.02 0.44 -0.76 0.44 -14.33 14.63 47.36 63 54 -63
26.08 0.47 -0.74 0.41 -12.69 6.87 43.31 64 57 -62
26.13 0.47 -0.73 0.40 -5.17 -10.98 41.86 64 59 -64
26.19 0.45 -0.70 0.43 2.30 -17.38 36.70 66 58 -62
26.24 0.43 -0.69 0.44 0.40 -18.04 30.74 66 61 -65
26.29 0.42 -0.67 0.45 5.84 -20.35 16.29 66 60 -66
26.34 0.39 -0.69 0.46 9.57 -25.01 4.65 68 61 -64
26.40 0.37 -0.70 0.49 15.17 -23.23 -6.71 66 61 -66
26.45 0.34 -0.72 0.49 15.51 -15.54 -16.06 67 59 -65
26.51 0.33 -0.74 0.49 16.19 -6.97 -24.28 66 59 -66
26.56 0.34 -0.79 0.48 11.39 0.12 -32.41 65 58 -65
26.61 0.33 -0.86 0.46 5.35 4.48 -30.86 64 56 -64
26.67 0.32 -0.90 0.45 3.23 4.91 -20.84 63 56 -65
26.72 0.30 -0.96 0.46 8.67 2.50 -10.33 64 57 -62
26.77 0.26 -1.00 0.46 -4.49 7.28 4.71 64 54 -64
26.82 0.23 -1.05 0.49 -5.39 12.92 17.44 63 56 -61
26.87 0.19 -1.18 0.46 -13.48 10.29 35.98 66 58 -60
26.93 0.17 -1.28 0.43 -25.09 16.89 82.48 67 59 -63
26.98 0.16 -1.35 0.42 -13.37 -0.98 109.50 69 64 -64
27.04 0.17 -1.52 0.35 -15.63 -0.96 154.75 72 69 -67
27.09 0.24 -1.61 0.34 -11.96 -19.91 207.55 76 77 -66
27.15 0.38 -1.62 0.33 -9.33 -31.04 249.99 79 91 -67
27.20 0.46 -1.53 0.36 5.99 -57.63 249.99 79 104 -69
27.26 0.52 -1.31 0.45 28.03 -76.41 249.99 75 123 -64
27.31 0.54 -0.78 0.56 14.93 -52.09 249.99 62 139 -65
27.37 0.52 -0.23 0.60 -7.78 -45.39 249.99 47 146 -61
27.43 0.44 0.23 0.65 5.26 -35.15 183.52 33 148 -61
27.48 0.30 0.39 0.63 3.81 -30.59 77.67 29 149 -58
27.53 0.10 0.49 0.66 4.46 -12.94 1.28 28 148 -56
27.59 -0.07 0.48 0.70 0.10 5.51 -55.57 31 150 -57
27.64 -0.25 0.41 0.68 0.09 13.68 -110.63 35 149 -58
27.69 -0.34 0.24 0.63 2.66 25.18 -158.49 42 148 -60
27.75 -0.42 -0.05 0.58 1.30 36.80 -194.35 50 144 -60
27.81 -0.46 -0.29 0.54 -4.80 59.79 -170.13 60 138 -65
27.86 -0.40 -0.38 0.43 -6.75 61.78 -203.57 66 133 -67
27.92 -0.36 -0.65 0.43 14.89 37.91 -197.46 73 123 -64
27.98 -0.34 -0.86 0.43 25.76 31.79 -189.25 75 112 -63
28.03 -0.21 -1.01 0.42 33.65 28.76 -206.90 79 103 -64
28.09 -0.10 -1.13 0.35 11.76 43.15 -195.21 80 92 -63
28.15 -0.05 -1.19 0.35 18.18 28.94 -189.70 77 82 -62
28.20 0.01 -1.26 0.38 -8.94 41.05 -205.76 74 72 -61
28.26 0.03 -1.28 0.32 -33.19 57.65 -170.48 70 65 -60
28.32 0.08 -1.32 0.36 -20.48 43.35 -170.11 66 59 -59
28.37 0.06 -1.39 0.37 -13.18 20.95 -102.97 62 55 -61
28.43 0.05 -1.32 0.40 0.47 17.17 -48.10 60 52 -61
28.48 0.10 -1.25 0.37 -8.26 9.79 -3.53 60 52 -60
28.53 0.18 -1.08 0.38 -16.66 5.57 23.80 61 52 -60
28.59 0.26 -0.87 0.40 -5.99 0.91 31.90 62 53 -61
28.64 0.32 -0.76 0.37 1.74 -0.68 22.79 62 54 -61
28.69 0.35 -0.76 0.37 -0.86 0.56 12.48 63 54 -59
28.74 0.38 -0.76 0.38 -3.71 -0.28 7.64 63 55 -61
28.79 0.39 -0.75 0.39 5.38 -15.22 -0.96 62 55 -59
28.85 0.37 -0.75 0.43 18.53 -25.37 -6.56 63 56 -61
28.90 0.35 -0.76 0.46 22.96 -25.92 -11.65 63 56 -60
28.96 0.33 -0.78 0.46 27.02 -23.21 -18.12 63 52 -60
29.01 0.32 -0.83 0.44 26.58 -27.73 -19.22 63 52 -61
29.07 0.30 -0.86 0.47 31.27 -28.31 -11.85 59 53 -62
29.12 0.29 -0.89 0.47 28.05 -22.25 -4.09 58 51 -59
29.18 0.29 -0.91 0.46 20.61 -14.94 3.91 61 53 -60
29.23 0.28 -0.93 0.45 17.27 -10.48 14.31 59 51 -61
29.28 0.27 -0.95 0.43 11.64 -8.71 23.89 61 54 -61
29.34 0.27 -0.98 0.43 8.02 -9.77 39.25 62 54 -61
29.39 0.25 -1.02 0.45 4.23 -9.06 46.52 65 56 -59
29.44 0.24 -1.11 0.46 -11.85 -4.77 62.12 66 57 -61
29.49 0.22 -1.15 0.45 -8.19 -8.77 79.11 70 60 -61
29.55 0.22 -1.27 0.44 -18.14 -17.38 101.81 71 64 -64
29.60 0.17 -1.34 0.44 -10.87 -25.47 133.90 72 70 -64
29.66 0.18 -1.40 0.45 -1.80 -25.23 170.13 76 75 -67
29.71 0.19 -1.44 0.44 -13.34 -22.75 194.02 79 84 -65
29.77 0.29 -1.42 0.38 -11.65 -24.46 230.82 82 97 -66
29.83 0.40 -1.38 0.36 -11.78 -57.75 249.99 78 112 -67
29.88 0.51 -1.26 0.44 -5.51 -81.10 249.99 72 130 -69
29.94 0.56 -0.73 0.62 -15.37 -52.91 249.99 57 142 -68
30.00 0.53 0.01 0.77 2.82 -28.06 249.99 40 148 -66