0.05,0.27,-0.88,-0.43,-0.59,2.18,-0.08,51,53,-86
0.10,0.27,-0.89,-0.43,-1.63,6.20,-0.83,54,53,-88
0.15,0.27,-0.90,-0.45,-2.26,6.29,1.02,53,52,-84
0.20,0.28,-0.89,-0.44,-1.70,3.87,-0.54,53,53,-83
0.25,0.28,-0.87,-0.44,1.68,4.20,-3.34,54,53,-86
0.30,0.27,-0.88,-0.44,3.24,6.48,-3.27,54,50,-85
0.35,0.27,-0.89,-0.44,3.39,7.03,-1.33,53,51,-86
0.41,0.28,-0.90,-0.46,1.51,3.64,-0.69,53,50,-84
0.46,0.28,-0.90,-0.47,0.53,2.75,-0.69,53,50,-85
0.51,0.28,-0.90,-0.46,-3.75,4.33,1.04,53,50,-86
0.56,0.29,-0.88,-0.45,-4.86,5.42,-0.06,54,52,-85
0.61,0.29,-0.87,-0.45,-4.34,3.36,-0.20,54,51,-84
0.66,0.30,-0.87,-0.44,-1.46,1.24,-1.21,54,51,-82
0.71,0.29,-0.88,-0.44,-1.95,2.20,-3.23,53,52,-83
0.76,0.29,-0.89,-0.45,-5.84,4.46,-3.07,52,53,-84
0.82,0.29,-0.88,-0.45,-6.21,2.96,-0.61,53,52,-84
0.87,0.29,-0.88,-0.47,-8.07,3.28,-1.33,51,50,-83
0.92,0.28,-0.90,-0.49,-13.83,5.55,0.16,51,49,-86
0.97,0.27,-0.90,-0.50,-14.51,6.34,4.29,50,50,-84
1.02,0.27,-0.93,-0.54,-23.38,13.74,10.77,51,50,-84
1.07,0.27,-0.94,-0.57,-26.59,19.52,17.23,52,50,-84
1.12,0.28,-0.92,-0.62,-35.84,21.68,22.30,51,52,-86
1.17,0.25,-0.92,-0.65,-22.06,17.16,26.75,52,52,-85
1.23,0.26,-0.97,-0.76,-50.72,22.33,35.26,52,52,-86
1.28,0.30,-0.95,-0.80,-51.30,26.36,30.91,55,53,-86
1.33,0.34,-0.94,-0.90,-92.21,21.91,20.87,54,54,-85
1.39,0.32,-0.81,-0.83,-73.51,-11.97,29.30,53,52,-89
1.44,0.31,-0.72,-0.85,-83.32,-23.94,17.97,52,56,-92
1.50,0.25,-0.55,-0.72,-40.56,-45.72,17.67,53,56,-94
1.55,0.20,-0.51,-0.73,-39.42,-28.60,13.20,53,57,-97
1.61,0.19,-0.37,-0.73,-20.24,-17.25,-2.06,49,59,-99
1.66,0.11,-0.26,-0.74,-12.92,-30.91,-10.60,51,61,-101
1.72,0.07,-0.17,-0.73,-4.34,-34.36,-16.96,50,60,-99
1.77,-0.00,-0.08,-0.69,14.11,-39.86,-28.47,51,60,-100
1.83,0.08,-0.26,-0.98,-17.98,-11.55,-64.55,50,60,-102
1.89,0.09,-0.27,-0.97,3.52,-46.84,-79.40,46,56,-102
1.95,0.07,-0.69,-0.81,1.29,-24.80,-56.73,46,58,-101
2.00,0.17,-1.07,-0.66,-8.05,31.59,-40.33,44,55,-99
2.06,0.33,-1.36,-0.76,-11.41,58.27,-0.56,44,52,-99
2.11,0.41,-1.30,-0.82,-20.84,30.17,0.56,44,50,-97
2.16,0.36,-1.13,-0.86,-4.80,-33.02,-8.32,44,53,-100
2.22,0.22,-1.01,-0.82,-2.90,-48.30,5.15,44,53,-99
2.27,0.18,-0.76,-0.79,-9.86,-25.32,1.24,43,55,-103
2.32,0.17,-0.62,-0.80,-0.85,-18.65,17.88,42,57,-103
2.38,0.08,-0.40,-0.81,-4.69,-6.50,10.48,43,61,-106
2.43,0.07,-0.44,-0.81,-2.58,9.36,25.18,42,59,-105
2.49,0.06,-0.43,-0.89,-16.94,20.58,19.12,43,60,-106
2.54,0.09,-0.35,-0.88,0.07,17.27,23.40,40,61,-105
2.60,0.15,-0.39,-0.95,-8.09,14.21,16.21,42,59,-105
2.65,0.10,-0.35,-0.91,6.81,-0.89,14.66,42,58,-105
2.70,0.09,-0.37,-0.87,8.86,4.71,8.64,44,59,-103
2.75,0.12,-0.40,-0.84,7.43,20.54,6.48,43,60,-104
2.81,0.12,-0.42,-0.88,6.66,30.82,4.23,45,60,-104
2.86,0.14,-0.40,-0.88,17.94,20.73,6.25,43,57,-101
2.91,0.10,-0.42,-0.90,16.11,23.25,2.78,44,54,-100
2.96,0.11,-0.47,-0.96,22.88,33.84,12.15,44,56,-99
3.02,0.16,-0.53,-1.04,17.69,43.88,7.10,47,53,-97
3.07,0.22,-0.56,-1.11,7.27,31.07,5.76,45,55,-98
3.12,0.24,-0.53,-1.05,14.63,-1.68,5.11,46,54,-96
3.17,0.23,-0.56,-0.99,18.92,-18.87,10.18,48,56,-95
3.22,0.18,-0.58,-0.95,10.13,-16.59,4.27,49,57,-96
3.28,0.18,-0.59,-0.90,2.69,-8.05,2.68,47,56,-98
3.33,0.17,-0.60,-0.87,-0.87,-2.88,3.39,49,55,-97
3.38,0.18,-0.59,-0.86,0.31,-1.46,1.85,50,56,-97
3.43,0.19,-0.59,-0.84,1.13,-2.59,-0.08,48,56,-98
3.48,0.19,-0.59,-0.84,1.88,-3.82,-3.20,47,55,-99
3.54,0.18,-0.61,-0.83,2.69,-6.44,-3.79,49,56,-99
3.59,0.16,-0.62,-0.83,0.45,0.38,-4.07,48,55,-98
3.64,0.15,-0.63,-0.84,1.44,5.15,-3.47,48,57,-99
3.69,0.18,-0.63,-0.86,0.14,1.48,-2.47,50,55,-97
3.74,0.18,-0.62,-0.85,0.63,-0.56,-1.75,49,58,-99
3.79,0.18,-0.62,-0.84,-0.18,3.86,-1.32,47,57,-95
3.85,0.19,-0.61,-0.83,-0.75,3.16,-2.06,48,56,-96
3.90,0.19,-0.60,-0.83,2.38,3.56,-2.69,49,57,-98
3.95,0.18,-0.60,-0.82,0.06,8.00,-7.55,48,53,-97
4.00,0.18,-0.58,-0.80,5.45,7.83,-4.20,49,55,-97
4.05,0.17,-0.57,-0.81,10.83,10.21,-4.88,50,53,-95
4.10,0.21,-0.61,-0.89,10.89,16.22,-0.89,51,52,-94
4.16,0.27,-0.67,-1.04,-0.74,17.41,-3.98,47,54,-94
4.21,0.28,-0.65,-1.08,-0.76,-10.16,-0.14,46,55,-94
4.26,0.24,-0.62,-1.03,4.68,-29.36,-0.02,49,55,-94
4.32,0.20,-0.61,-1.01,4.75,-30.56,-1.63,48,54,-96
4.37,0.16,-0.60,-0.99,-7.74,-28.95,2.95,48,57,-97
4.42,0.15,-0.51,-0.98,-15.15,-26.21,3.51,48,57,-99
4.48,0.13,-0.43,-0.94,-22.61,-23.11,-0.66,48,58,-101
4.53,0.14,-0.32,-0.94,-22.78,-20.92,-17.81,48,57,-102
4.59,0.11,-0.22,-0.90,-17.85,-57.33,-24.34,45,59,-101
4.65,-0.00,-0.14,-0.78,-8.13,-62.15,-10.83,47,60,-103
4.70,-0.13,0.01,-0.72,3.90,-53.87,-35.15,46,62,-106
4.76,-0.04,-0.37,-0.60,1.53,-32.55,-31.20,45,62,-106
4.82,0.17,-1.10,-0.63,17.56,-8.19,20.60,46,61,-107
4.87,0.29,-1.35,-0.70,13.15,50.45,-22.16,48,60,-104
4.92,0.35,-1.54,-0.90,-14.29,77.35,9.92,50,55,-101
4.98,0.30,-1.11,-0.92,-12.77,3.22,-22.93,48,56,-102
5.03,0.14,-0.99,-0.85,10.51,-47.88,-0.54,48,57,-102
5.09,0.08,-0.81,-0.80,-6.52,-7.57,9.33,44,58,-105
5.14,0.13,-0.68,-0.85,-20.04,6.69,9.58,46,59,-103
5.20,0.10,-0.52,-0.83,-17.17,15.38,12.51,45,58,-102
5.25,0.06,-0.45,-0.86,-18.28,14.19,6.15,46,60,-106
5.30,0.08,-0.43,-0.87,-14.19,7.74,9.63,44,60,-105
5.36,0.09,-0.39,-0.85,1.68,-6.22,9.84,43,60,-106
5.41,0.05,-0.41,-0.84,9.80,-25.30,15.61,44,62,-107
5.46,0.05,-0.41,-0.79,26.94,-14.76,25.63,44,63,-107
5.52,0.02,-0.41,-0.85,12.78,18.59,4.79,46,62,-106
5.57,0.02,-0.43,-0.89,18.31,34.73,13.40,45,61,-106
5.63,0.03,-0.43,-1.00,4.10,48.10,5.02,47,58,-105
5.68,0.07,-0.43,-1.02,7.41,35.80,5.82,45,59,-103
5.73,0.07,-0.46,-1.01,6.81,26.90,12.44,48,58,-101
5.78,0.10,-0.46,-1.02,3.36,23.51,1.51,47,58,-100
5.83,0.12,-0.50,-1.02,8.55,9.66,5.69,47,57,-100
5.89,0.12,-0.53,-1.01,10.78,-3.07,3.07,47,56,-101
5.94,0.13,-0.56,-0.99,7.64,-9.55,2.79,50,58,-99
5.99,0.13,-0.57,-0.94,8.80,-15.94,1.15,47,60,-100
6.04,0.10,-0.59,-0.92,3.37,-10.61,-1.49,49,59,-100
6.10,0.09,-0.60,-0.88,0.49,-5.15,-3.32,50,58,-102
6.15,0.10,-0.60,-0.89,0.09,-3.24,-4.92,50,58,-101
6.20,0.10,-0.60,-0.87,-0.75,-2.78,-4.51,49,59,-100
6.26,0.10,-0.61,-0.85,-2.67,0.24,-3.01,49,61,-100
6.31,0.12,-0.59,-0.86,-2.23,-0.20,-5.12,49,60,-103
6.36,0.13,-0.60,-0.86,-1.30,0.25,-6.53,49,58,-101
6.42,0.12,-0.59,-0.86,-2.39,-0.83,-8.47,47,60,-100
6.47,0.11,-0.59,-0.83,0.89,-0.17,-6.94,46,57,-100
6.52,0.11,-0.58,-0.82,0.30,7.74,-5.87,46,57,-102
6.58,0.11,-0.58,-0.84,2.65,11.34,-4.94,46,58,-101
6.63,0.12,-0.59,-0.89,6.02,12.99,-3.49,48,56,-99
6.68,0.14,-0.61,-0.96,7.78,14.12,-0.96,47,57,-98
6.73,0.17,-0.61,-1.02,6.05,7.30,-6.74,49,55,-99
6.78,0.16,-0.63,-1.06,7.75,-4.90,-4.71,47,57,-102
6.84,0.16,-0.65,-1.10,-0.08,-13.36,-5.34,49,57,-99
6.89,0.15,-0.60,-1.04,10.19,-23.30,-5.60,46,57,-101
6.95,0.14,-0.60,-0.98,-1.13,3.39,-7.71,47,58,-100
7.00,0.15,-0.53,-0.94,-8.26,8.28,-14.79,46,58,-102
7.05,0.17,-0.46,-0.89,1.24,-18.81,-9.02,45,58,-99
7.11,0.16,-0.45,-0.89,-3.50,-29.72,-11.03,48,55,-100
7.16,0.13,-0.37,-0.87,-8.03,-34.97,-22.58,44,60,-103
7.22,0.11,-0.29,-0.84,-20.21,-35.93,-40.98,44,60,-105
7.28,0.09,-0.25,-0.85,-24.31,-18.62,-47.47,43,59,-104
7.33,-0.13,-0.18,-0.81,-12.18,-27.53,-33.82,41,59,-105
7.39,-0.20,-0.15,-0.76,-0.79,-50.70,-8.14,41,60,-106
7.45,-0.10,-0.47,-0.63,18.62,-35.76,1.48,40,61,-108
7.50,0.22,-1.05,-0.80,8.09,-14.99,10.73,42,60,-106
7.56,0.56,-1.40,-0.75,40.71,30.70,-1.74,46,57,-107
7.61,0.55,-1.63,-1.12,-44.14,78.91,9.96,43,54,-102
7.66,0.54,-1.12,-0.98,-28.63,-29.11,-35.23,42,54,-105
7.72,0.31,-1.03,-0.77,-17.33,-49.42,-13.59,41,59,-106
7.78,0.10,-0.68,-0.65,-13.69,-5.26,-8.90,38,59,-107
7.83,-0.02,-0.51,-0.76,-24.70,20.72,4.43,37,61,-109
7.89,-0.02,-0.36,-0.84,-0.82,-9.92,19.92,38,60,-107
7.94,0.01,-0.25,-0.86,-2.49,-2.98,19.33,37,63,-109
8.00,-0.01,-0.30,-0.87,-1.21,10.65,19.27,38,62,-108
8.05,0.03,-0.27,-0.87,5.67,20.49,18.02,39,63,-107
8.11,0.05,-0.33,-0.93,2.66,32.64,22.61,39,62,-107
8.16,0.06,-0.30,-0.96,14.44,9.12,16.25,39,61,-106
8.21,0.04,-0.33,-0.93,23.57,7.98,14.85,41,63,-107
8.27,0.02,-0.40,-0.97,14.43,13.89,12.20,41,60,-108
8.32,0.04,-0.46,-0.98,23.57,-0.14,16.74,43,62,-105
8.37,0.04,-0.48,-0.98,12.94,2.70,19.78,44,62,-104
8.43,0.07,-0.51,-1.01,14.79,30.14,9.83,44,60,-105
8.48,0.11,-0.57,-1.13,-1.85,37.66,-0.48,44,61,-102
8.53,0.15,-0.55,-1.11,6.76,1.17,-3.04,45,58,-101
8.59,0.11,-0.56,-1.04,4.10,-13.63,-5.19,45,59,-103
8.64,0.08,-0.56,-0.94,4.16,-14.74,-1.32,44,60,-104
8.69,0.08,-0.56,-0.90,2.00,-6.39,2.30,44,62,-105
8.75,0.09,-0.56,-0.88,4.28,-2.93,3.27,44,61,-103
8.80,0.11,-0.57,-0.90,2.23,-2.67,1.41,46,60,-104
8.85,0.10,-0.57,-0.88,0.02,0.05,-2.24,44,60,-103
8.90,0.09,-0.57,-0.86,2.58,-2.85,-2.67,44,63,-103
8.96,0.08,-0.59,-0.86,2.01,0.34,-0.98,42,60,-103
9.01,0.08,-0.58,-0.86,1.74,2.59,-2.12,47,59,-104
9.06,0.09,-0.58,-0.87,0.21,4.29,-1.01,46,61,-104
9.11,0.10,-0.56,-0.86,-1.66,8.26,-4.46,46,60,-104
9.16,0.12,-0.57,-0.86,-2.48,8.13,-4.07,46,61,-103
9.22,0.11,-0.57,-0.85,-4.32,6.23,-3.72,46,59,-103
9.27,0.09,-0.55,-0.84,-1.84,14.33,-1.71,43,61,-103
9.32,0.12,-0.61,-0.95,2.87,34.38,2.34,45,59,-103
9.38,0.18,-0.61,-1.15,-9.88,27.84,-1.41,45,56,-101
9.43,0.17,-0.51,-1.13,20.58,-18.20,1.25,44,57,-102
9.48,0.06,-0.49,-1.14,4.60,-16.24,-1.38,46,57,-101
9.54,0.06,-0.45,-1.10,1.85,-12.92,2.24,45,60,-102
9.59,0.10,-0.46,-1.06,-13.87,-9.30,-2.60,44,58,-102
9.65,0.13,-0.47,-0.98,-9.37,-17.40,-0.16,45,59,-103
9.70,0.12,-0.45,-0.90,-13.75,-18.82,-4.71,45,60,-103
9.76,0.08,-0.35,-0.86,-7.23,-25.00,-6.43,44,59,-105
9.81,-0.03,-0.20,-0.90,-19.60,14.66,-4.47,43,59,-104
9.87,-0.13,0.21,-1.07,-10.31,13.85,-8.50,44,58,-101
9.92,-0.09,-0.04,-0.87,19.29,-33.97,-29.57,42,56,-102
9.98,0.06,-0.71,-0.58,37.09,-23.39,-7.90,48,55,-104
10.04,0.34,-1.27,-0.46,62.84,31.88,16.66,48,54,-101
10.09,0.58,-1.42,-0.67,18.70,34.00,-15.50,51,53,-97
10.15,0.45,-1.35,-0.61,1.98,-2.91,3.43,52,51,-97
10.20,0.26,-1.08,-0.58,9.46,-39.32,-12.05,51,53,-100
10.26,0.16,-1.03,-0.65,2.17,-18.31,-6.38,51,53,-100
10.31,0.11,-0.88,-0.71,-13.03,9.80,-4.30,47,54,-101
10.37,0.15,-0.75,-0.79,-17.77,10.45,-0.66,47,56,-101
10.42,0.16,-0.57,-0.81,-6.97,1.46,4.55,45,58,-102
10.47,0.13,-0.59,-0.84,-13.02,8.83,10.52,47,57,-102
10.53,0.13,-0.50,-0.92,-1.88,-11.82,6.63,46,60,-104
10.59,0.14,-0.43,-0.86,8.57,-5.73,-0.50,46,60,-103
10.64,-0.02,-0.53,-0.92,-19.73,16.86,-11.51,46,58,-102
10.70,0.11,-0.45,-0.87,-13.55,28.83,11.67,43,56,-103
10.75,0.14,-0.40,-0.91,-9.89,16.52,0.85,44,58,-104
10.81,0.16,-0.43,-0.89,0.40,12.06,11.87,44,58,-102
10.86,0.11,-0.43,-0.88,2.98,7.40,5.15,44,56,-102
10.91,0.08,-0.43,-0.88,9.35,11.69,21.36,44,58,-102
10.97,0.06,-0.41,-0.93,17.70,9.86,16.23,46,58,-99
11.02,0.11,-0.50,-0.99,11.07,38.57,10.90,46,56,-100
11.07,0.25,-0.59,-1.16,1.86,22.10,2.73,46,57,-99
11.13,0.27,-0.58,-1.11,4.98,-20.48,6.09,46,56,-100
11.18,0.19,-0.55,-0.95,-0.25,-25.69,1.39,47,56,-101
11.24,0.13,-0.58,-0.84,-4.79,-6.83,-4.36,48,58,-101
11.29,0.14,-0.60,-0.83,-5.21,2.32,-1.05,47,58,-100
11.35,0.17,-0.59,-0.84,0.60,-5.49,-2.47,46,61,-101
11.40,0.16,-0.59,-0.84,4.39,-5.63,-2.78,46,58,-100
11.45,0.13,-0.57,-0.84,3.11,1.83,-10.42,46,59,-100
11.51,0.13,-0.59,-0.84,5.51,2.97,-4.40,45,55,-101
11.56,0.13,-0.60,-0.87,2.81,6.61,-2.17,46,56,-100
11.61,0.16,-0.58,-0.87,1.72,2.85,-5.48,45,55,-99
11.67,0.16,-0.57,-0.83,4.94,-0.24,-0.89,47,56,-100
11.72,0.17,-0.56,-0.80,8.32,2.66,-0.32,47,58,-100
11.77,0.16,-0.58,-0.78,17.30,12.41,-6.65,47,56,-99
11.83,0.17,-0.64,-0.88,21.61,33.94,-3.40,47,56,-98
11.88,0.26,-0.71,-1.10,14.31,34.92,-5.49,47,54,-95
11.94,0.25,-0.65,-1.12,30.81,-0.36,-3.04,48,53,-95
11.99,0.18,-0.62,-1.02,50.27,3.23,7.16,49,54,-92
12.04,0.19,-0.65,-1.01,25.35,-13.40,-4.92,49,54,-95
12.10,0.18,-0.57,-0.95,27.02,-41.37,4.96,51,54,-95
12.15,0.14,-0.51,-0.90,19.09,-42.70,6.48,50,56,-96
12.21,0.17,-0.51,-0.93,-3.45,-39.48,-6.89,51,58,-96
12.26,0.18,-0.47,-0.95,-21.97,-43.27,-41.62,50,57,-98
12.32,0.05,-0.37,-0.85,-22.99,-49.62,-42.72,50,58,-98
12.38,-0.07,-0.29,-0.69,5.55,-79.12,-11.35,47,57,-100
12.43,-0.07,-0.42,-0.48,18.40,-80.92,19.70,51,60,-102
12.49,0.05,-0.82,-0.33,20.58,-20.92,-6.09,52,60,-104
12.55,0.42,-1.75,-0.40,8.17,62.36,44.78,54,58,-101
12.60,0.57,-1.64,-0.61,-40.85,62.18,-3.52,55,57,-101
12.65,0.48,-1.27,-0.63,-19.91,-17.46,-40.36,51,54,-100
12.71,0.25,-1.17,-0.55,-15.22,-45.62,-12.15,48,57,-104
12.77,0.09,-0.81,-0.59,-19.93,-7.98,-5.44,49,59,-105
12.83,0.09,-0.63,-0.70,-23.22,12.54,-5.23,47,61,-105
12.88,0.02,-0.56,-0.79,-12.18,-6.22,4.80,45,63,-106
12.94,0.01,-0.43,-0.83,-0.49,0.64,11.28,45,62,-107
12.99,-0.02,-0.48,-0.88,-2.37,-6.94,7.03,45,62,-108
13.05,-0.08,-0.40,-0.86,9.49,0.92,3.06,46,63,-110
13.10,-0.03,-0.49,-0.88,2.84,8.54,10.87,46,66,-106
13.15,0.03,-0.42,-0.86,8.06,9.49,1.68,45,63,-106
13.21,0.05,-0.49,-0.87,5.91,7.79,-9.53,46,64,-105
13.26,-0.06,-0.63,-0.85,0.23,29.06,3.59,47,61,-107
13.31,-0.00,-0.63,-0.88,10.66,20.39,11.31,47,62,-106
13.37,0.03,-0.66,-0.90,11.69,17.20,21.37,47,63,-103
13.43,0.04,-0.66,-0.91,14.07,14.08,12.16,49,61,-104
13.48,0.03,-0.69,-0.91,12.25,9.09,19.98,49,62,-102
13.53,0.04,-0.67,-0.90,5.46,8.71,13.70,49,62,-102
13.59,0.05,-0.66,-0.88,4.59,11.02,9.80,50,62,-102
13.64,0.07,-0.66,-0.89,1.81,6.18,5.98,50,63,-102
13.69,0.08,-0.66,-0.87,6.28,-0.90,7.47,51,60,-102
13.75,0.08,-0.68,-0.85,0.31,-1.80,7.65,52,63,-104
13.80,0.07,-0.66,-0.82,0.85,-2.52,4.96,51,63,-102
13.85,0.06,-0.67,-0.79,-0.73,4.60,1.88,50,62,-100
13.91,0.06,-0.69,-0.80,-0.38,1.23,-0.14,53,62,-101
13.96,0.06,-0.69,-0.79,0.31,-3.46,-1.24,51,61,-101
14.01,0.04,-0.69,-0.78,0.00,-2.11,-0.38,51,61,-103
14.07,0.05,-0.69,-0.77,-1.84,4.20,-1.07,50,62,-101
14.12,0.05,-0.68,-0.77,-0.31,1.22,-2.70,51,61,-102
14.18,0.05,-0.69,-0.76,1.31,4.88,-0.43,50,60,-103
14.23,0.06,-0.69,-0.77,-0.68,10.86,-2.85,51,60,-100
14.28,0.07,-0.67,-0.80,-1.54,11.24,-1.79,50,60,-101
14.34,0.07,-0.67,-0.81,-0.38,18.14,-1.93,48,59,-100
14.39,0.11,-0.70,-0.92,4.47,18.88,-4.35,50,60,-98
14.45,0.12,-0.65,-0.97,21.66,4.74,-10.23,50,58,-99
14.50,0.08,-0.68,-0.95,23.39,-5.34,-19.00,51,59,-97
14.56,0.07,-0.73,-0.97,20.84,-36.80,-24.24,49,58,-99
14.61,0.04,-0.71,-0.91,9.79,-26.48,-19.54,52,59,-98
14.67,0.04,-0.56,-0.87,-3.15,4.29,-30.59,51,58,-100
14.72,0.07,-0.49,-0.95,-11.66,-5.69,-31.42,48,57,-99
14.78,0.04,-0.45,-0.98,-23.64,-18.88,-22.40,47,58,-101
14.84,-0.13,-0.30,-0.88,-21.09,-29.30,-6.54,47,59,-100
14.90,-0.13,-0.26,-0.83,3.90,-48.61,16.86,46,59,-102
14.95,0.09,-0.44,-0.70,1.81,-81.55,6.52,48,59,-104
15.01,0.40,-1.23,-0.28,20.65,-1.22,36.07,49,58,-103
15.06,0.54,-1.47,-0.29,10.17,40.55,-13.89,52,58,-101
15.12,0.52,-1.49,-0.45,-15.71,57.18,-17.08,52,54,-99
15.17,0.35,-1.19,-0.51,15.21,-24.83,-16.03,52,55,-99
15.23,0.23,-1.05,-0.63,-6.11,-20.58,-6.71,51,57,-102
15.28,0.12,-0.82,-0.71,-23.03,28.78,-9.35,49,57,-100
15.34,0.17,-0.67,-0.83,-20.49,17.57,1.50,47,57,-102
15.40,0.18,-0.58,-0.85,-13.16,-5.27,5.19,47,57,-103
15.45,0.12,-0.54,-0.82,-7.16,-3.00,5.35,48,57,-103
15.51,0.07,-0.57,-0.83,-7.61,3.88,-3.52,44,60,-105
15.56,0.05,-0.52,-0.81,0.72,4.06,-0.40,45,58,-103
15.61,0.03,-0.54,-0.81,-0.22,5.08,-6.52,45,58,-104
15.67,0.02,-0.54,-0.77,13.14,9.27,5.40,44,60,-104
15.72,0.05,-0.55,-0.83,10.42,12.57,-2.27,45,59,-103
15.78,-0.01,-0.63,-0.85,11.83,11.31,11.48,46,60,-104
15.83,0.01,-0.63,-0.88,11.75,4.82,19.81,48,59,-102
15.89,0.07,-0.63,-0.92,5.36,16.54,17.27,47,60,-102
15.94,0.14,-0.63,-0.95,-7.66,34.08,6.84,47,58,-101
15.99,0.18,-0.60,-0.94,-0.95,8.87,2.22,46,58,-99
16.05,0.18,-0.63,-0.91,0.53,-0.53,4.07,49,60,-99
16.10,0.16,-0.63,-0.87,-6.90,2.44,-1.52,48,58,-100
16.15,0.15,-0.63,-0.82,0.95,-2.87,1.04,46,59,-101
16.20,0.15,-0.66,-0.80,0.65,2.49,0.77,46,59,-101
16.26,0.16,-0.67,-0.81,-2.58,7.03,-5.57,47,56,-101
16.31,0.16,-0.68,-0.82,2.24,3.21,-5.14,47,59,-99
16.36,0.15,-0.69,-0.83,1.49,-0.78,-2.43,47,55,-99
16.42,0.15,-0.68,-0.80,-1.66,2.77,-1.63,45,57,-101
16.47,0.16,-0.67,-0.78,-1.68,6.30,0.24,47,58,-99
16.52,0.16,-0.66,-0.80,-2.72,8.06,-2.24,45,57,-100
16.58,0.17,-0.65,-0.80,-0.58,5.29,-1.00,49,56,-100
16.63,0.17,-0.66,-0.82,-3.04,5.39,-1.56,46,56,-98
16.68,0.17,-0.66,-0.82,-4.01,1.06,-2.69,45,57,-99
16.74,0.17,-0.65,-0.78,-1.22,2.22,3.75,46,56,-98
16.79,0.18,-0.66,-0.81,-2.95,7.33,-0.07,47,58,-98
16.84,0.22,-0.70,-0.88,0.08,7.26,4.33,46,55,-98
16.89,0.26,-0.73,-0.98,-0.20,11.51,3.73,47,54,-97
16.94,0.27,-0.69,-1.03,4.34,2.00,2.63,48,56,-99
17.00,0.22,-0.63,-1.00,6.30,-9.02,5.64,46,56,-98
17.05,0.14,-0.58,-0.98,13.13,-2.82,9.88,48,56,-98
17.10,0.09,-0.56,-1.02,-16.01,6.91,-11.77,47,55,-98
17.16,0.07,-0.48,-0.98,-10.06,-20.57,-3.31,46,55,-97
17.21,0.08,-0.41,-0.88,6.29,-55.02,6.17,46,57,-100
17.27,0.08,-0.49,-0.95,-16.10,-54.64,1.95,48,59,-102
17.32,-0.05,-0.36,-0.91,-11.18,-66.76,18.09,47,62,-104
17.38,-0.12,-0.24,-0.85,-23.22,-25.46,-15.46,48,62,-104
17.44,-0.09,-0.27,-0.68,-6.00,11.44,-16.78,49,61,-104
17.50,0.05,-0.59,-0.56,17.55,29.76,2.43,50,56,-103
17.55,0.22,-1.04,-0.58,23.00,11.80,10.77,50,56,-102
17.61,0.29,-1.50,-0.42,29.70,9.37,34.37,54,55,-101
17.66,0.43,-1.50,-0.58,-24.15,27.67,-12.35,54,55,-101
17.72,0.31,-1.16,-0.55,-1.92,-46.01,-25.02,50,56,-102
17.77,0.13,-0.94,-0.49,2.91,-32.58,-15.00,51,58,-103
17.83,0.03,-0.73,-0.61,1.08,-11.45,-2.81,51,58,-105
17.89,0.10,-0.63,-0.74,-8.78,17.37,-1.63,46,62,-103
17.94,0.07,-0.51,-0.82,-5.00,23.98,-15.32,48,60,-102
18.00,0.05,-0.56,-0.85,0.88,34.99,-5.74,46,57,-103
18.05,0.07,-0.51,-0.96,12.39,12.92,-10.26,46,60,-100
18.11,-0.01,-0.50,-0.95,21.47,7.93,2.67,47,61,-103
18.16,0.12,-0.60,-1.04,7.93,1.22,-12.09,46,58,-102
18.22,0.07,-0.60,-0.89,9.22,0.22,1.12,46,58,-104
18.27,0.07,-0.63,-0.84,-6.78,31.94,4.45,47,56,-100
18.32,0.16,-0.59,-0.86,-5.20,28.13,3.89,46,58,-99
18.37,0.16,-0.61,-0.89,-3.91,21.51,6.94,44,59,-99
18.43,0.11,-0.57,-0.94,-11.59,16.84,2.21,45,57,-98
18.48,0.10,-0.55,-0.94,-1.08,10.15,8.22,47,57,-100
18.54,0.14,-0.60,-0.95,-3.72,7.45,7.55,46,56,-98
18.59,0.20,-0.64,-0.95,-2.03,-0.66,3.06,47,56,-98
18.64,0.20,-0.63,-0.87,-1.97,-7.47,0.76,46,57,-99
18.69,0.20,-0.62,-0.81,-0.50,-15.05,2.07,47,57,-99
18.75,0.19,-0.64,-0.80,1.72,-11.99,-1.80,46,57,-102
18.80,0.16,-0.63,-0.78,0.76,-0.65,-2.67,46,58,-101
18.86,0.16,-0.64,-0.78,0.55,8.06,-5.54,46,59,-99
18.91,0.16,-0.63,-0.80,4.39,5.73,-6.03,47,59,-100
18.96,0.17,-0.65,-0.81,1.45,9.14,-4.92,44,55,-99
19.01,0.18,-0.64,-0.80,2.82,8.46,-5.88,45,55,-100
19.07,0.18,-0.65,-0.82,2.52,9.30,-2.40,46,56,-99
19.12,0.19,-0.65,-0.81,4.65,10.06,-3.02,45,55,-97
19.17,0.21,-0.66,-0.84,2.27,13.02,-1.80,45,56,-96
19.23,0.25,-0.66,-0.87,4.88,8.31,-1.30,47,54,-98
19.28,0.23,-0.66,-0.89,4.93,5.51,-2.25,45,54,-96
19.33,0.21,-0.64,-0.89,11.21,6.48,-1.04,46,53,-95
19.38,0.21,-0.63,-0.94,12.11,2.08,-0.83,46,55,-97
19.44,0.20,-0.61,-0.98,13.81,-9.19,-1.42,47,53,-96
19.49,0.20,-0.61,-1.04,13.86,-16.30,-5.91,46,54,-97
19.54,0.19,-0.63,-1.03,-1.72,-21.57,-7.90,49,55,-96
19.60,0.18,-0.59,-0.97,-5.57,-35.30,-5.24,47,54,-99
19.65,0.14,-0.53,-0.93,-6.92,-46.17,-7.61,49,56,-100
19.71,0.09,-0.48,-0.89,-16.17,-40.11,-11.47,45,57,-100
19.77,0.03,-0.39,-0.91,-20.65,-41.25,-16.46,47,59,-103
19.83,0.02,-0.29,-0.80,7.17,-67.13,-6.72,45,60,-105
19.88,0.00,-0.29,-0.59,14.07,-74.40,-2.49,47,61,-106
19.94,0.07,-0.73,-0.41,0.31,2.68,-27.74,46,59,-106
19.99,0.30,-1.16,-0.36,22.65,42.63,-6.74,47,58,-104
20.05,0.52,-1.44,-0.55,-17.75,65.38,-5.52,48,52,-102
20.10,0.59,-1.27,-0.77,-19.18,-9.93,-19.42,46,56,-103
20.16,0.38,-1.13,-0.63,-6.38,-56.42,-9.89,45,58,-104
20.22,0.16,-0.89,-0.60,-31.72,-5.59,-5.37,41,60,-106
20.27,0.09,-0.73,-0.73,-56.35,5.04,7.47,39,59,-108
20.33,0.06,-0.41,-0.72,-8.04,-2.17,6.62,42,60,-108
20.38,0.00,-0.47,-0.82,-9.46,2.04,9.38,39,61,-107
20.44,-0.06,-0.39,-0.88,19.33,2.52,11.84,40,59,-106
20.49,-0.03,-0.43,-0.92,15.73,12.25,14.98,39,61,-107
20.55,0.05,-0.42,-0.91,10.26,18.95,4.57,40,60,-107
20.60,0.06,-0.46,-0.89,16.96,25.73,5.38,43,60,-106
20.65,0.07,-0.51,-0.93,10.43,39.54,10.24,41,60,-105
20.71,0.11,-0.51,-0.98,12.05,34.37,8.85,43,57,-104
20.76,0.13,-0.52,-1.01,13.63,24.37,9.29,42,58,-102
20.82,0.15,-0.58,-1.03,3.33,18.64,4.28,45,58,-101
20.87,0.18,-0.60,-1.00,4.63,0.56,10.89,44,59,-102
20.92,0.18,-0.61,-0.97,-12.96,-0.03,4.59,44,58,-100
20.98,0.16,-0.58,-0.86,-11.39,-3.77,0.94,46,59,-101
21.03,0.16,-0.61,-0.83,-8.29,6.10,2.69,42,58,-101
21.09,0.18,-0.63,-0.86,-8.50,11.95,-1.62,42,57,-101
21.14,0.18,-0.62,-0.86,1.96,-1.63,-2.57,42,57,-103
21.20,0.14,-0.62,-0.84,8.83,2.38,-1.37,43,57,-102
21.25,0.16,-0.64,-0.85,10.19,4.57,1.18,45,57,-100
21.30,0.20,-0.63,-0.86,9.68,1.25,1.01,44,59,-99
21.35,0.20,-0.64,-0.87,6.47,-2.74,-2.37,43,57,-101
21.41,0.17,-0.62,-0.86,3.12,-5.36,-1.91,42,55,-101
21.46,0.15,-0.63,-0.83,-2.19,1.28,0.55,43,55,-101
21.51,0.16,-0.62,-0.81,-3.36,0.33,0.86,44,56,-101
21.57,0.18,-0.63,-0.80,-5.04,6.58,2.29,46,57,-100
21.62,0.21,-0.63,-0.81,-2.27,10.29,-0.06,42,58,-99
21.67,0.23,-0.64,-0.84,9.70,8.23,-2.69,44,57,-100
21.73,0.25,-0.67,-0.88,18.44,11.12,-2.91,44,57,-102
21.78,0.21,-0.66,-0.94,21.57,12.49,-6.42,46,55,-96
21.84,0.18,-0.64,-1.00,15.35,1.26,-5.60,45,56,-98
21.89,0.15,-0.60,-1.02,14.04,-11.21,2.17,44,56,-99
21.94,0.11,-0.55,-1.04,15.79,-21.25,2.29,46,57,-100
22.00,0.10,-0.57,-1.00,-2.03,-21.29,-1.11,47,58,-101
22.06,0.13,-0.61,-0.95,-15.46,-13.51,5.68,48,58,-99
22.11,0.17,-0.54,-0.90,-16.76,-17.91,-9.71,46,57,-102
22.17,0.18,-0.54,-0.88,-16.98,-23.52,-22.30,47,56,-102
22.23,0.13,-0.45,-0.94,-33.57,-33.54,-36.48,44,55,-104
22.28,0.05,-0.31,-0.80,-47.45,-19.57,-44.68,41,57,-105
22.34,0.10,-0.24,-0.65,-3.41,-26.76,-33.87,39,55,-104
22.40,0.11,-0.54,-0.59,48.01,-100.76,33.36,42,59,-107
22.46,0.13,-1.01,-0.37,32.51,-27.30,3.95,45,59,-108
22.51,0.36,-1.37,-0.49,4.06,72.81,-5.10,45,56,-105
22.57,0.55,-1.46,-0.73,-5.36,44.69,-3.60,45,53,-103
22.62,0.50,-1.16,-0.87,1.42,-56.26,-8.16,44,56,-107
22.68,0.22,-0.95,-0.72,-11.60,-49.20,1.54,44,60,-105
22.73,0.09,-0.67,-0.73,-29.08,10.11,-0.82,43,62,-108
22.79,0.09,-0.53,-0.80,-46.45,33.95,-20.31,40,58,-110
22.85,0.05,-0.45,-0.84,-34.77,13.72,0.39,39,59,-107
22.90,0.01,-0.37,-0.87,-12.03,1.46,15.07,35,61,-108
22.96,0.05,-0.39,-0.85,-9.36,15.75,7.48,36,60,-107
23.01,0.04,-0.43,-0.89,5.89,6.95,9.39,38,61,-108
23.06,0.06,-0.43,-0.87,11.60,13.82,15.55,39,61,-108
23.12,0.07,-0.41,-0.93,9.73,18.21,8.32,39,61,-104
23.17,0.11,-0.46,-0.96,2.03,26.07,5.03,39,59,-107
23.22,0.13,-0.45,-0.94,-1.57,13.73,-2.97,40,59,-106
23.28,0.13,-0.49,-1.00,0.15,20.54,5.54,37,58,-107
23.33,0.16,-0.48,-1.00,4.21,28.79,10.32,38,57,-104
23.39,0.17,-0.47,-1.02,13.84,10.89,6.13,38,56,-104
23.44,0.16,-0.50,-1.03,8.03,8.96,3.33,39,57,-103
23.49,0.17,-0.49,-1.00,10.35,-3.70,-1.59,39,56,-102
23.55,0.18,-0.53,-0.96,1.86,1.95,-2.82,41,56,-103
23.60,0.20,-0.54,-0.93,1.14,1.12,-6.54,38,56,-103
23.65,0.22,-0.59,-0.92,0.22,-1.27,-1.49,40,57,-103
23.71,0.22,-0.59,-0.88,0.85,-2.96,-2.81,39,56,-102
23.76,0.20,-0.59,-0.86,6.06,-4.23,-3.09,38,59,-102
23.82,0.18,-0.61,-0.85,3.94,-1.93,-1.88,39,58,-102
23.87,0.17,-0.61,-0.83,3.40,2.78,-1.11,40,56,-103
23.92,0.19,-0.59,-0.85,0.40,5.87,1.78,38,58,-103
23.97,0.21,-0.56,-0.86,-2.79,7.12,1.54,41,57,-102
24.03,0.21,-0.56,-0.86,-5.27,12.49,2.11,40,56,-103
24.08,0.22,-0.54,-0.86,-1.32,6.96,-0.36,40,57,-102
24.13,0.22,-0.56,-0.84,5.05,3.17,4.45,40,56,-99
24.19,0.19,-0.57,-0.83,12.89,2.68,3.99,41,56,-103
24.24,0.22,-0.61,-0.93,14.49,34.34,7.20,40,57,-101
24.29,0.32,-0.62,-1.18,0.51,34.42,-6.62,40,54,-97
24.35,0.28,-0.48,-1.13,21.69,-7.87,-16.05,40,56,-97
24.40,0.18,-0.49,-1.10,-13.40,-6.89,-26.28,40,54,-98
24.46,0.17,-0.47,-1.06,5.61,-27.74,-10.86,41,56,-100
24.51,0.16,-0.44,-1.01,15.38,-44.15,-0.38,40,56,-104
24.57,0.20,-0.50,-0.95,-2.99,-5.70,-10.60,41,55,-100
24.63,0.26,-0.47,-0.90,-10.07,1.27,-18.99,39,54,-100
24.68,0.19,-0.40,-0.78,11.67,-47.42,-4.70,40,56,-104
24.74,0.07,-0.34,-0.73,12.37,-45.88,-3.43,40,58,-103
24.79,-0.07,-0.32,-0.66,18.04,-42.47,2.75,42,57,-104
24.85,0.02,-0.47,-0.59,30.30,-29.37,17.49,43,56,-104
24.91,0.29,-0.92,-0.50,32.17,-4.66,14.98,45,56,-104
24.96,0.49,-1.45,-0.50,14.49,32.52,18.37,47,54,-102
25.02,0.70,-1.45,-0.69,-43.21,62.03,-21.44,46,52,-101
25.08,0.52,-1.12,-0.67,-14.96,-31.55,-50.06,44,54,-100
25.13,0.21,-1.00,-0.68,-20.26,-51.90,-19.34,43,54,-105
25.19,0.08,-0.65,-0.70,-11.83,-14.50,2.99,39,59,-107
25.25,0.12,-0.52,-0.81,-21.71,-1.28,1.10,37,59,-107
25.30,0.04,-0.49,-0.84,-17.89,-7.68,-0.85,39,62,-109
25.36,0.07,-0.43,-0.84,-6.36,2.00,6.40,37,61,-108
25.41,0.11,-0.49,-0.90,-12.60,-7.10,0.38,37,61,-107
25.47,0.08,-0.46,-0.87,1.71,-1.33,9.07,38,60,-106
25.52,0.09,-0.49,-0.90,-8.74,20.60,4.74,36,61,-109
25.57,0.12,-0.46,-0.87,5.42,15.12,7.72,35,62,-106
25.63,0.14,-0.50,-0.91,7.41,20.83,7.60,36,59,-105
25.68,0.13,-0.53,-0.93,2.59,23.56,7.55,38,60,-106
25.73,0.11,-0.51,-0.93,11.76,18.19,15.18,38,59,-107
25.79,0.11,-0.51,-0.96,5.30,26.88,15.59,39,58,-102
25.84,0.13,-0.50,-0.99,2.96,34.44,12.50,39,58,-103
25.90,0.18,-0.51,-1.04,1.79,25.15,8.35,40,57,-103
25.95,0.22,-0.53,-1.03,1.51,5.49,4.28,40,57,-102
26.00,0.22,-0.55,-0.96,-1.59,1.87,4.30,41,55,-102
26.05,0.23,-0.55,-0.92,-2.08,-0.85,1.80,38,56,-100
26.11,0.22,-0.59,-0.87,-5.46,3.62,2.16,41,57,-101
26.16,0.20,-0.58,-0.85,-2.63,4.75,2.29,41,58,-103
26.21,0.20,-0.59,-0.84,1.69,5.74,2.16,39,57,-101
26.27,0.21,-0.60,-0.87,0.41,5.36,0.82,42,56,-100
26.32,0.21,-0.59,-0.87,-0.05,1.27,-0.55,38,55,-102
26.37,0.20,-0.58,-0.86,0.73,1.36,3.09,39,56,-101
26.42,0.21,-0.57,-0.85,-1.33,5.68,2.84,39,56,-100
26.48,0.24,-0.55,-0.87,-4.65,5.33,0.74,39,56,-101
26.53,0.25,-0.54,-0.87,-5.40,2.56,-2.55,40,55,-100
26.58,0.23,-0.53,-0.86,-6.26,1.67,-3.62,40,54,-102
26.64,0.23,-0.54,-0.88,6.55,2.62,-2.85,39,56,-100
26.69,0.28,-0.63,-1.09,-11.52,11.47,-4.58,40,55,-100
26.75,0.26,-0.54,-1.05,29.02,-26.87,3.94,40,56,-100
26.80,0.17,-0.57,-1.07,10.19,-17.52,7.03,42,57,-102
26.86,0.16,-0.52,-1.05,8.19,-13.49,-3.52,39,58,-102
26.91,0.12,-0.44,-0.95,19.25,-13.70,-16.45,40,58,-101
26.97,0.09,-0.44,-0.91,-7.13,13.76,-34.28,40,57,-103
27.03,0.12,-0.39,-0.90,5.53,-13.46,-21.43,40,56,-100
27.08,0.15,-0.42,-0.92,-1.48,-20.52,-20.71,39,56,-104
27.14,0.13,-0.38,-0.96,-7.77,-33.52,-21.45,38,56,-105
27.20,0.09,-0.26,-0.83,26.71,-53.52,-0.58,38,58,-103
27.25,0.07,-0.38,-0.74,5.36,-47.77,-9.22,40,57,-105
27.31,0.12,-0.63,-0.56,16.38,-12.16,-9.40,40,56,-106
27.36,0.35,-1.03,-0.53,7.53,21.55,4.53,42,55,-105
27.42,0.78,-1.45,-0.65,-12.32,32.62,30.85,44,53,-103
27.47,0.80,-1.20,-0.64,-17.28,-34.23,-26.57,40,54,-106
27.53,0.39,-1.02,-0.53,5.36,-62.19,-19.10,40,58,-107
27.59,0.07,-0.79,-0.61,2.57,-3.42,-10.99,38,61,-107
27.64,0.07,-0.64,-0.81,-27.40,37.09,-9.79,37,59,-106
27.70,0.10,-0.48,-0.89,-4.85,13.22,-9.32,36,59,-108
27.75,0.06,-0.50,-0.92,-9.11,7.33,-1.26,35,59,-106
27.81,0.02,-0.47,-0.90,-3.64,14.37,2.79,36,59,-105
27.86,0.10,-0.49,-0.92,-12.10,18.55,-1.44,36,61,-108
27.92,0.10,-0.47,-0.90,-0.18,8.28,3.78,36,58,-106
27.97,0.12,-0.52,-0.89,-0.53,11.57,9.89,37,59,-106
28.03,0.16,-0.53,-0.89,1.11,9.99,8.23,35,57,-105
28.08,0.10,-0.57,-0.88,6.36,11.38,19.95,37,59,-108
28.13,0.13,-0.56,-0.91,6.62,23.06,21.19,37,58,-104
28.19,0.17,-0.54,-0.97,-4.52,41.69,7.89,38,57,-103
28.24,0.25,-0.50,-1.02,1.43,22.42,12.64,37,56,-103
28.29,0.26,-0.48,-1.01,6.64,-0.98,9.82,40,57,-102
28.35,0.24,-0.48,-0.94,9.92,-9.75,7.59,39,58,-104
28.40,0.22,-0.52,-0.91,2.08,-2.57,6.12,40,58,-104
28.45,0.23,-0.54,-0.88,-5.94,11.04,1.79,41,55,-104