1.01 2.79169 0.923126 0.0614465 -0.00519638 -2.07569 0.101627 0 0 -0.0375949 -0.000794585 0.988368 0 0 0 0 0 0 0 0 0 0 0 
1.075 2.79168 0.923061 0.0614382 -0.00453799 -1.99808 0.102816 0 0 -0.0405721 -0.000777219 0.993899 0 0 0 0 0 0 0 0 0 0 0 
1.135 2.79166 0.923193 0.0614446 -0.00359665 -2.09605 0.102402 0 0 -0.0381084 -0.00496371 0.996436 0 0 0 0 0 0 0 0 0 200 200 
1.2 2.79164 0.929619 0.0614223 -0.0052623 -1.25194 0.0985273 6 0 0.0205261 -0.00219264 0.998134 0 0 0 0 0 0 0 0 0 200 200 
1.26 2.79162 0.946147 0.0614285 -0.00218126 -1.11335 0.0957292 21 0 0.0727518 0.000854104 0.995239 0 0 0 0 0 0 0 0 0 200 200 
1.325 2.79157 0.96827 0.0614632 -0.00352361 -2.39804 0.0955968 44 0 0.0416712 0.0048109 0.981821 0 0 0 0 0 0 0 0 0 200 200 
1.385 2.79153 0.986986 0.061446 -0.00371202 -2.00761 0.094604 62 0 0.022955 0.00378353 0.985184 0 0 0 0 0 0 0 0 0 200 200 
1.45 2.79148 1.00769 0.0614374 -0.00636756 -2.01589 0.0929274 83 0 0.007982 0.00296163 0.987874 0 0 0 0 0 0 0 0 0 200 200 
1.51 2.79145 1.02692 0.0614374 -0.00464081 -2.1062 0.0902339 102 0 0.000426383 0.00337655 0.989632 0 0 0 0 0 0 0 0 0 200 200 
1.575 2.79139 1.0475 0.0614429 -0.00404607 -1.98696 0.0877577 123 0 -0.0110295 0.0057298 0.99284 0 0 0 0 0 0 0 0 0 200 200 
1.635 2.79137 1.06671 0.0614412 -0.00426774 -2.06465 0.0845286 142 0 -0.018927 0.00442317 0.990288 0 0 0 0 0 0 0 0 0 200 200 
1.7 2.79135 1.08737 0.0614433 -0.00243536 -2.01198 0.081336 163 0 -0.025245 0.00337786 0.988247 0 0 0 0 0 0 0 0 0 200 200 
1.76 2.79133 1.10661 0.0614341 -0.00610615 -2.12473 0.0804346 182 0 -0.0271722 0.00372857 0.991451 0 0 0 0 0 0 0 0 0 200 200 
1.825 2.79133 1.12825 0.0614332 -0.00659141 -2.98741 0.0661326 204 0 -0.0339187 0.0133762 0.996878 0 0 0 0 0 0 0 0 0 200 200 
1.885 2.79132 1.14777 0.0614242 -0.00676015 -3.35412 0.0617988 223 0 -0.0393158 0.0210944 1.00122 0 0 0 0 0 0 0 0 0 200 200 
1.95 2.79132 1.16854 0.0614173 -0.00547705 -3.4124 0.061536 244 0 -0.046091 0.014399 0.998726 0 0 0 0 0 0 0 0 0 200 200 
2.015 2.79129 1.1896 0.0614182 -0.00519944 -3.71819 0.0623745 265 0 -0.0430784 0.00878641 1.0045 0 0 0 0 0 0 0 0 0 200 200 
2.08 2.79127 1.21057 0.0613985 -0.00651702 -3.9841 0.0658676 286 0 -0.0406683 0.00429635 1.00911 0 0 0 0 0 0 0 0 0 200 200 
2.145 2.79126 1.23125 0.0614033 -0.0067448 -3.94122 0.0670106 307 0 -0.0489753 0.00691181 1.0008 0 0 0 0 0 0 0 0 0 200 200 
2.205 2.79124 1.25012 0.0614079 -0.00491629 -3.70313 0.0687858 326 0 -0.0521705 0.00294152 1.00089 0 0 0 0 0 0 0 0 0 200 200 
2.27 2.7912 1.27075 0.061411 -0.00592653 -3.61266 0.0686618 346 0 -0.0538436 0.000109786 1.00002 0 0 0 0 0 0 0 0 0 200 200 
2.33 2.79117 1.29004 0.061404 -0.00584439 -3.78654 0.0705893 365 0 -0.0551821 -0.0021556 0.99933 0 0 0 0 0 0 0 0 0 200 200 
2.395 2.79114 1.31092 0.0614008 -0.00722867 -3.92922 0.0717167 386 0 -0.0557275 -0.00177513 0.995664 0 0 0 0 0 0 0 0 0 200 200 
2.455 2.79113 1.33 0.0614035 -0.00524939 -3.88158 0.0743196 405 0 -0.0626838 0.000331248 0.996984 0 0 0 0 0 0 0 0 0 200 200 
2.52 2.7911 1.3506 0.0614133 -0.00587152 -3.77345 0.0745663 426 0 -0.0682489 0.00201635 0.99804 0 0 0 0 0 0 0 0 0 200 200 
2.58 2.79108 1.36974 0.0614081 -0.00418575 -3.79156 0.0720683 445 0 -0.0759264 0.00137095 0.990792 0 0 0 0 0 0 0 0 0 200 200 
2.645 2.79703 1.38231 0.0613521 -0.0957185 -2.02569 2.71709 459 2 -0.0439273 0.0583239 0.980236 1 0 0 0 0 0 0 0 0 -200 -100 
2.705 2.80022 1.38688 0.0614374 -0.279816 -3.42201 4.90515 466 5 -0.104676 0.0742899 0.971441 1 0 0 0 0 0 0 0 0 -200 -100 
2.77 2.80127 1.38327 0.0613788 -0.615146 -5.82307 6.03249 469 6 -0.132137 0.0575849 0.972023 1 0 0 0 0 0 0 0 0 -200 -100 
2.83 2.80273 1.37306 0.0613917 -0.76689 -5.95716 7.30373 479 7 -0.128086 0.0449187 0.973294 0 0 0 0 0 0 0 0 0 -200 -100 
2.895 2.80523 1.35638 0.0614052 -0.57408 -3.48258 9.29641 495 9 -0.107916 0.0327913 0.982603 0 0 0 0 0 0 0 0 0 -200 -100 
2.955 2.80795 1.34094 0.0614128 -0.495701 -2.43454 11.5015 511 11 -0.0917796 0.0230895 0.990051 0 0 0 0 0 0 0 0 0 -200 -100 
3.02 2.81103 1.32674 0.0614225 -0.848652 -3.44101 13.8227 526 14 -0.0655741 0.0163499 0.994138 0 0 0 0 0 0 0 0 0 -200 -100 
3.08 2.81457 1.31349 0.0614253 -1.06012 -3.66866 16.0096 540 16 -0.0636512 0.00985577 0.994322 0 0 0 0 0 0 0 0 0 -200 -100 
3.145 2.81948 1.29756 0.0614278 -0.817231 -2.45143 18.3562 556 18 -0.0594028 0.00814689 0.995661 0 0 0 0 0 0 0 0 0 -200 -100 
3.21 2.82477 1.28264 0.0614454 -0.814811 -2.15484 20.6407 572 20 -0.0560041 0.00677979 0.996733 0 0 0 0 0 0 0 0 0 -200 -100 
3.275 2.83051 1.26816 0.0614401 -0.802766 -1.89013 22.9825 588 23 -0.0573997 -0.00113845 0.997971 0 0 0 0 0 0 0 0 0 -200 -100 
3.34 2.83671 1.25405 0.0614439 -0.896434 -1.88469 25.3884 603 25 -0.0472731 -0.00202904 0.998794 0 0 0 0 0 0 0 0 0 -200 -100 
3.405 2.84355 1.24023 0.0614412 -0.988357 -1.87407 27.7219 618 27 -0.0440252 -0.00498335 0.997531 0 0 0 0 0 0 0 0 0 -200 -100 
3.465 2.85042 1.22765 0.061448 -1.01964 -1.76866 29.8706 633 30 -0.0414268 -0.00734679 0.99652 0 0 0 0 0 0 0 0 0 -200 -100 
3.53 2.85836 1.21425 0.0614445 -1.08585 -1.71896 32.22 648 32 -0.0528067 -0.00853285 0.995375 0 0 0 0 0 0 0 0 0 -200 -100 
3.59 2.86605 1.20244 0.0614436 -1.15823 -1.6851 34.4581 662 34 -0.0468901 -0.0116337 0.996576 0 0 0 0 0 0 0 0 0 -200 -100 
3.655 2.87503 1.18962 0.0614425 -1.23845 -1.64861 36.8484 678 37 -0.0462616 -0.0176005 0.995458 0 0 0 0 0 0 0 0 0 -200 -100 
3.72 2.8845 1.17723 0.061442 -1.25693 -1.53831 39.2295 694 39 -0.0457587 -0.0223741 0.994563 0 0 0 0 0 0 0 0 0 -200 -100 
3.785 2.89444 1.16545 0.061449 -1.35434 -1.52441 41.5643 709 41 -0.0365605 -0.0218486 0.994167 0 0 0 0 0 0 0 0 0 -200 -100 
3.85 2.90489 1.15395 0.0614464 -1.38272 -1.43253 43.8833 725 44 -0.0396624 -0.0191945 0.99333 0 0 0 0 0 0 0 0 0 150 -150 
3.915 2.9143 1.14385 0.0614339 -1.16306 -1.24334 43.1752 739 43 -0.0401349 -0.00626257 0.994283 0 0 0 0 0 0 0 0 0 150 -150 
3.975 2.91797 1.13921 0.0614253 -1.08805 -1.34275 39.0176 745 39 0.00378659 0.000416811 0.998342 0 0 0 0 0 0 0 0 0 150 -150 
4.04 2.91775 1.13891 0.0614451 -1.14177 -1.81924 32.1274 746 33 0.000747146 -0.00789129 0.998675 0 0 0 0 0 0 0 0 0 150 -150 
4.105 2.91744 1.13966 0.0614376 -1.00854 -2.16096 25.0849 747 26 -0.00168441 -0.0145378 0.998941 0 0 0 0 0 0 0 0 0 150 -150 
4.17 2.91745 1.14026 0.061442 -0.758445 -2.32601 18.0883 747 19 -0.00379954 -0.00884937 0.99251 0 0 0 0 0 0 0 0 0 150 -150 
4.235 2.91758 1.14052 0.0614377 -0.486373 -2.46256 11.203 748 12 -0.0167584 -0.00558298 0.990383 0 0 0 0 0 0 0 0 0 150 -150 
4.3 2.91771 1.14099 0.0614339 -0.187241 -2.56799 4.15959 748 5 -0.0183837 -0.00126972 0.989285 0 0 0 0 0 0 0 0 0 200 200 
4.365 2.91765 1.14652 0.0614129 0.0670209 -1.99556 -1.99256 753 -2 0.0141862 -0.0160401 0.992662 0 0 0 0 0 0 0 0 0 200 200 
4.43 2.919 1.16023 0.061421 0.256469 -2.62084 -5.55364 766 -5 0.0531686 -0.0229937 0.994327 0 0 0 0 0 0 0 0 0 200 200 
4.49 2.92105 1.17847 0.0614215 0.329611 -3.04742 -6.15951 784 -6 0.0636395 -0.0194381 0.990945 0 0 0 0 0 0 0 0 0 200 200 
4.555 2.92337 1.19975 0.0614207 0.398211 -3.68439 -6.1573 806 -6 0.0720162 -0.0165936 0.98824 0 0 0 0 0 0 0 0 0 200 200 
4.615 2.92544 1.219 0.0614108 0.423435 -3.89814 -6.15492 825 -6 0.0375215 -0.013726 0.984433 0 0 0 0 0 0 0 0 0 200 200 
4.68 2.92766 1.23951 0.0614056 0.413261 -3.81651 -6.1577 846 -6 0.0107689 -0.00946667 0.984741 0 0 0 0 0 0 0 0 0 200 200 
4.745 2.92986 1.25986 0.0614179 0.387164 -3.59693 -6.1606 866 -6 -0.00663218 -0.00424413 0.984184 0 0 0 0 0 0 0 0 0 200 200 
4.81 2.93209 1.28041 0.0614186 0.384039 -3.56414 -6.16052 887 -6 -0.0205531 -6.60962e-005 0.983738 0 0 0 0 0 0 0 0 0 200 200 
4.875 2.93433 1.30122 0.0614108 0.406321 -3.75959 -6.15788 908 -6 -0.0296846 -0.00169586 0.993937 0 0 0 0 0 0 0 0 0 200 200 
4.94 2.93658 1.32188 0.0614177 0.412032 -3.81668 -6.15575 929 -6 -0.0381511 -0.0018664 0.99469 0 0 0 0 0 0 0 0 0 200 200 
5.005 2.93879 1.3424 0.0614174 0.402595 -3.73624 -6.15407 949 -6 -0.0430358 -0.00412276 0.99818 0 0 0 0 0 0 0 0 0 200 200 
5.07 2.94099 1.36269 0.0614179 0.371791 -3.45724 -6.15607 970 -6 -0.0469435 -0.00592784 1.00097 0 0 0 0 0 0 0 0 0 200 200 
5.135 2.94319 1.38338 0.0614606 0.361989 -3.57552 -6.15977 990 -6 -0.0495215 -0.00731195 1.00124 0 0 0 0 0 0 0 0 0 200 200 
5.2 2.94545 1.40433 0.0614201 0.414375 -3.9104 -6.15533 1011 -6 -0.0476904 -0.0106448 0.979213 0 0 0 0 0 0 0 0 0 200 200 
5.26 2.94751 1.42343 0.0614055 0.430735 -3.98851 -6.15511 1031 -6 -0.0462256 -0.0133111 0.961594 0 0 0 0 0 0 0 0 0 200 200 
5.325 2.94969 1.44371 0.0614155 0.399237 -3.7093 -6.15762 1051 -6 -0.0564912 -0.0060428 0.963542 0 0 0 0 0 0 0 0 0 200 200 
5.385 2.95175 1.46258 0.0614339 0.404507 -3.60976 -6.15235 1070 -6 -0.0545195 -0.00175299 0.961798 0 0 0 0 0 0 0 0 0 200 200 
5.45 2.95398 1.48336 0.0614071 0.409183 -3.77987 -6.15101 1091 -6 -0.0571084 -0.00236279 0.966751 0 0 0 0 0 0 0 0 0 200 200 
5.51 2.95607 1.50251 0.0614197 0.419337 -3.88459 -6.15143 1110 -6 -0.059566 -0.00190823 0.976491 0 0 0 0 0 0 0 0 0 200 200 
5.575 2.95826 1.52291 0.0614137 0.402385 -3.71541 -6.15239 1131 -6 -0.061532 -0.00154458 0.984283 0 0 0 0 0 0 0 0 0 200 200 
5.64 2.96049 1.54347 0.0614134 0.396387 -3.68547 -6.15212 1151 -6 -0.0597221 -8.96354e-005 0.989105 0 0 0 0 0 0 0 0 0 200 200 
5.705 2.96272 1.56411 0.0614018 0.400858 -3.72488 -6.15006 1172 -6 -0.0673492 -0.00374682 0.987922 0 0 0 0 0 0 0 0 0 200 200 
5.77 2.96495 1.58476 0.0614083 0.405753 -3.78116 -6.14958 1193 -6 -0.0588603 -0.00346124 0.994437 0 0 0 0 0 0 0 0 0 200 200 
5.835 2.96718 1.60541 0.0614078 0.414047 -3.83543 -6.15003 1214 -6 -0.0520693 -0.00323278 0.99965 0 0 0 0 0 0 0 0 0 200 200 
5.9 2.96942 1.62597 0.0614092 0.410672 -3.80976 -6.15029 1234 -6 -0.0593849 -0.00450829 0.994859 0 0 0 0 0 0 0 0 0 200 200 
5.965 2.97164 1.64652 0.0614057 0.406707 -3.77105 -6.15194 1255 -6 -0.0629399 -0.00460823 0.989675 0 0 0 0 0 0 0 0 0 200 200 
6.03 2.97386 1.6671 0.0614074 0.40626 -3.76685 -6.15142 1276 -6 -0.0657839 -0.00468818 0.985528 0 0 0 0 0 0 0 0 0 200 200 
6.095 2.97608 1.68774 0.0614038 0.411037 -3.81772 -6.15071 1296 -6 -0.0639123 -0.00709302 0.986021 0 0 0 0 0 0 0 0 0 200 200 
6.155 2.97814 1.70672 0.0614133 0.405482 -3.76599 -6.15421 1316 -6 -0.0637759 -0.00696097 0.989188 0 0 0 0 0 0 0 0 0 200 200 
6.22 2.98035 1.72721 0.0614169 0.393542 -3.66446 -6.15545 1336 -6 -0.0592347 -0.00186458 0.995824 0 0 0 0 0 0 0 0 0 200 200 
6.28 2.98241 1.74625 0.0614168 0.399834 -3.70398 -6.1538 1355 -6 -0.0556018 0.00221254 1.00113 0 0 0 0 0 0 0 0 0 200 200 
6.345 2.98465 1.76691 0.0614083 0.40794 -3.78785 -6.15235 1376 -6 -0.0534709 0.00116472 0.999409 0 0 0 0 0 0 0 0 0 200 200 
6.41 2.98689 1.78758 0.0614068 0.415663 -3.86283 -6.14775 1397 -6 -0.0543253 -0.00147389 0.997166 0 0 0 0 0 0 0 0 0 200 200 
6.475 2.98911 1.80806 0.0614107 0.400381 -3.724 -6.14772 1418 -6 -0.0558794 -0.00336256 1.00027 0 0 0 0 0 0 0 0 0 200 200 
6.54 2.99133 1.82858 0.0614183 0.393748 -3.65602 -6.14747 1438 -6 -0.0519505 -0.00192493 1.00316 0 0 0 0 0 0 0 0 0 200 200 
6.605 2.99356 1.84918 0.0614079 0.393642 -3.66095 -6.14918 1459 -6 -0.0488074 -0.000774827 1.00548 0 0 0 0 0 0 0 0 0 200 200 
6.67 2.99579 1.86991 0.0614047 0.409667 -3.79036 -6.14698 1480 -6 -0.0504949 0.000790926 1.00749 0 0 0 0 0 0 0 0 0 200 200 
6.735 2.99803 1.89062 0.0614111 0.419948 -3.89593 -6.14504 1501 -6 -0.0587351 -0.0020199 1.00324 0 0 0 0 0 0 0 0 0 200 200 
6.8 3.00023 1.91107 0.061416 0.404501 -3.76184 -6.14522 1521 -6 -0.0604255 0.00381117 1.00032 0 0 0 0 0 0 0 0 0 200 200 
6.865 3.00245 1.93163 0.0614111 0.400345 -3.71114 -6.14692 1542 -6 -0.0617778 0.00847602 0.997972 0 0 0 0 0 0 0 0 0 200 200 
6.925 3.00449 1.95062 0.0614038 0.399602 -3.70814 -6.14921 1561 -6 -0.071049 0.00619786 0.988576 0 0 0 0 0 0 0 0 0 200 200 
6.99 3.00671 1.97128 0.0614117 0.40763 -3.77512 -6.15022 1582 -6 -0.0729486 0.000528237 0.986528 0 0 0 0 0 0 0 0 0 200 200 
7.05 3.00875 1.99037 0.0614118 0.418691 -3.86418 -6.15018 1601 -6 -0.0623775 0.00179005 0.995603 0 0 0 0 0 0 0 0 0 200 200 
7.115 3.01098 2.01086 0.0614153 0.404485 -3.77069 -6.15099 1622 -6 -0.0539206 0.0027995 1.00286 0 0 0 0 0 0 0 0 0 200 200 
7.175 3.01302 2.02972 0.0614095 0.392523 -3.63979 -6.15298 1640 -6 -0.0567242 0.00332416 1.00308 0 0 0 0 0 0 0 0 0 200 200 
7.24 3.01525 2.05036 0.0614106 0.400274 -3.69286 -6.15485 1661 -6 -0.0551704 0.000950688 1.00144 0 0 0 0 0 0 0 0 0 200 200 
7.305 3.0175 2.07114 0.061413 0.417395 -3.85844 -6.15552 1682 -6 -0.0557401 0.00129188 1.0035 0 0 0 0 0 0 0 0 0 200 200 
7.37 3.0197 2.09168 0.0614087 0.412248 -3.8177 -6.1565 1703 -6 -0.0561959 0.00156483 1.00515 0 0 0 0 0 0 0 0 0 200 200 
7.435 3.02191 2.11219 0.061414 0.401586 -3.73187 -6.15648 1723 -6 -0.0597644 0.000627414 1.00365 0 0 0 0 0 0 0 0 0 200 200 
7.5 3.02411 2.13269 0.0614092 0.394888 -3.66761 -6.1567 1744 -6 -0.0590598 0.00229919 0.999064 0 0 0 0 0 0 0 0 0 200 200 
7.565 3.02635 2.15331 0.0614128 0.395995 -3.68606 -6.15605 1765 -6 -0.0574103 -0.00153424 1.00189 0 0 0 0 0 0 0 0 0 200 200 
7.63 3.02861 2.17402 0.0614061 0.411038 -3.79899 -6.15642 1786 -6 -0.0560907 -0.00460098 1.00415 0 0 0 0 0 0 0 0 0 200 200 
7.695 3.03086 2.19469 0.0614081 0.415091 -3.85644 -6.15641 1806 -6 -0.0585925 -0.00362528 1.00018 0 0 0 0 0 0 0 0 0 200 200 
7.76 3.03309 2.21524 0.0614158 0.409909 -3.7933 -6.15825 1827 -6 -0.0557105 -0.00225053 1.00431 0 0 0 0 0 0 0 0 0 200 200 
7.82 3.03513 2.23413 0.0614115 0.40101 -3.70839 -6.15829 1846 -6 -0.0639865 -0.00118033 0.994088 0 0 0 0 0 0 0 0 0 200 200 
7.885 3.03738 2.25468 0.0614094 0.396345 -3.69413 -6.15873 1867 -6 -0.0706072 -0.00032417 0.985911 0 0 0 0 0 0 0 0 0 200 200 
7.945 3.03944 2.27381 0.061418 0.410663 -3.80089 -6.16138 1886 -6 -0.0718036 -0.00282935 0.987765 0 0 0 0 0 0 0 0 0 200 200 
8.01 3.04167 2.29426 0.0614074 0.396811 -3.69131 -6.16043 1907 -6 -0.0716015 -0.00146488 0.987509 0 0 0 0 0 0 0 0 0 200 200 
8.075 3.04387 2.3148 0.0614171 0.390023 -3.63367 -6.1597 1927 -6 -0.0779967 0.000647546 0.984914 0 0 0 0 0 0 0 0 0 200 200 
8.135 3.03912 2.31892 0.0614249 0.137147 -0.998488 -8.28181 1934 -8 -0.00362632 -0.0539282 0.993679 0 1 0 0 0 0 0 0 0 -100 -200 
8.2 3.03685 2.31672 0.0614209 0.595494 -3.40942 -9.93078 1936 -10 -0.063114 0.00366172 1.00347 0 1 0 0 0 0 0 0 0 -100 -200 
8.26 3.03511 2.30802 0.0613272 1.50812 -7.15992 -11.8121 1945 -12 -0.120192 0.00138595 0.973644 0 0 0 0 0 0 0 0 0 -100 -200 
8.325 3.03134 2.29288 0.0613952 1.31998 -5.21007 -14.1296 1960 -14 -0.173463 -0.00894925 0.955082 0 0 0 0 0 0 0 0 0 -100 -200 
8.385 3.02667 2.27554 0.0614144 0.567728 -1.93768 -16.3197 1978 -16 -0.137729 -0.00800061 0.960588 0 0 0 0 0 0 0 0 0 -100 -200 
8.45 3.02185 2.25972 0.0614231 0.480932 -1.4204 -18.7827 1995 -19 -0.109143 -0.00724169 0.964992 0 0 0 0 0 0 0 0 0 -100 -200 
8.51 3.0178 2.24816 0.06144 1.24534 -3.22835 -21.0002 2007 -21 -0.0736329 -0.00663288 0.972337 0 0 0 0 0 0 0 0 0 -100 -200 
8.575 3.01199 2.23423 0.0614441 1.33872 -3.06419 -23.4423 2022 -23 -0.09374 0.00169506 0.978387 0 0 0 0 0 0 0 0 0 -100 -200 
8.635 3.00528 2.21962 0.0614232 0.73156 -1.52537 -25.6903 2038 -26 -0.0903066 0.00376697 0.983814 0 0 0 0 0 0 0 0 0 -100 -200 
8.7 2.99858 2.20611 0.0614468 1.03213 -1.92743 -28.1238 2053 -28 -0.0666435 0.00681487 0.982569 0 0 0 0 0 0 0 0 0 -100 -200 
8.76 2.99169 2.19371 0.0614493 1.07208 -1.82824 -30.3562 2067 -30 -0.0592598 0.00172295 0.988309 0 0 0 0 0 0 0 0 0 -100 -200 
8.825 2.98367 2.1802 0.0614408 1.10829 -1.72132 -32.7666 2083 -33 -0.0533528 -0.00235059 0.992901 0 0 0 0 0 0 0 0 0 -100 -200 
8.885 2.97585 2.16825 0.0614415 1.19012 -1.70078 -34.9749 2097 -35 -0.047944 0.00176303 0.997451 0 0 0 0 0 0 0 0 0 -100 -200 
8.95 2.9668 2.15569 0.0614463 1.22647 -1.60563 -37.3242 2113 -37 -0.0439049 0.00539181 0.99152 0 0 0 0 0 0 0 0 0 -100 -200 
9.01 2.95803 2.14439 0.0614365 1.28057 -1.54693 -39.616 2127 -39 -0.0323513 0.00301136 0.99296 0 0 0 0 0 0 0 0 0 -100 -200 
9.075 2.94811 2.13254 0.0614437 1.35238 -1.49696 -42.1014 2143 -42 -0.0334004 0.00942634 0.991189 0 0 0 0 0 0 0 0 0 -100 -200 
9.135 2.93852 2.12214 0.0614393 1.39952 -1.42943 -44.3165 2157 -44 -0.0342396 0.0145583 0.989772 0 0 0 0 0 0 0 0 0 -100 -200 
9.2 2.92756 2.11121 0.0614487 1.46393 -1.38102 -46.6329 2172 -47 -0.0452072 0.0121741 0.995331 0 0 0 0 0 0 0 0 0 -100 -200 
9.26 2.91696 2.10142 0.0614429 1.49513 -1.30721 -48.8277 2187 -49 -0.0397679 0.013821 0.997902 0 0 0 0 0 0 0 0 0 -150 150 
9.325 2.90695 2.09241 0.0614194 1.27617 -1.14851 -48.0119 2200 -48 -0.0378024 0.00178297 0.999591 0 0 0 0 0 0 0 0 0 -150 150 
9.385 2.90303 2.08874 0.0614324 1.21828 -1.27004 -43.8279 2206 -44 -0.00314976 -0.00252209 1.00641 0 0 0 0 0 0 0 0 0 -150 150 
9.45 2.90302 2.08842 0.0614382 1.39144 -1.87087 -36.659 2207 -37 0.0162501 -0.00681254 1.00497 0 0 0 0 0 0 0 0 0 -150 150 
9.51 2.90316 2.08863 0.0614368 1.14333 -1.9705 -30.1473 2207 -31 -0.0057431 0.00266073 1.00265 0 0 0 0 0 0 0 0 0 -150 150 
9.575 2.9034 2.0896 0.0614352 0.925163 -2.19161 -22.9711 2208 -24 -0.0233377 0.0102393 1.0008 0 0 0 0 0 0 0 0 0 -150 150 
9.635 2.90365 2.09085 0.06144 0.704096 -2.41757 -16.2705 2209 -17 -0.0305146 0.00801499 0.9993 0 0 0 0 0 0 0 0 0 -150 150 
9.7 2.90362 2.09204 0.0614361 0.400103 -2.54508 -9.01378 2211 -10 -0.0336587 0.0100937 0.996986 0 0 0 0 0 0 0 0 0 200 200 
9.76 2.90445 2.09734 0.0614045 0.120047 -1.98475 -3.40225 2215 -4 0.000292826 0.0176423 0.996859 0 0 0 0 0 0 0 0 0 200 200 
9.825 2.90484 2.11094 0.061423 -0.000573855 -2.6785 0.00108537 2228 0 0.029514 0.0286188 1.0014 0 0 0 0 0 0 0 0 0 200 200 
9.885 2.90462 2.12897 0.0614179 -0.0395915 -3.12036 0.69536 2246 1 0.052891 0.0374 1.00504 0 0 0 0 0 0 0 0 0 200 200 
9.95 2.90438 2.15026 0.061418 -0.0458157 -3.6448 0.692432 2267 1 0.030678 0.0286644 1.00112 0 0 0 0 0 0 0 0 0 200 200 
10.01 2.90413 2.16986 0.0614085 -0.050378 -4.08343 0.694141 2287 1 0.0104249 0.0220818 1.00013 0 0 0 0 0 0 0 0 0 200 200 
