0.0      -1.514648
0.050000 -1.514648
0.050100 -1.662522
0.050200 -1.746353
0.050300 -1.600062
0.050400 -1.495768
0.050500 -1.633942
0.050600 -1.743858
0.050700 -1.647891
0.050800 -1.480588
0.050900 -1.604067
0.051000 -1.733816
0.051100 -1.689153
0.051200 -1.470958
0.051300 -1.574973
0.051400 -1.718036
0.051500 -1.719124
0.051600 -1.490947
0.051700 -1.547809
0.051800 -1.697521
0.051900 -1.738567
0.052000 -1.539499
0.052100 -1.523695
0.052200 -1.673167
0.052300 -1.748214
0.052400 -1.588879
0.052500 -1.504153
0.052600 -1.646036
0.052700 -1.748963
0.052800 -1.637679
0.052900 -1.489135
0.053000 -1.617287
0.053100 -1.741805
0.053200 -1.682427
0.053300 -1.477384
0.053400 -1.588144
0.053500 -1.727808
0.053600 -1.715752
0.053700 -1.483557
0.053800 -1.559837
0.053900 -1.708092
0.054000 -1.737703
0.054100 -1.528080
0.054200 -1.533647
0.054300 -1.683821
0.054400 -1.749274
0.054500 -1.576750
0.054600 -1.511395
0.054700 -1.656304
0.054800 -1.751624
0.054900 -1.624939
0.055000 -1.494822
0.055100 -1.627558
0.055200 -1.746462
0.055300 -1.672087
0.055400 -1.481857
0.055500 -1.598641
0.055600 -1.734649
0.055700 -1.709261
0.055800 -1.480883
0.055900 -1.570537
0.056000 -1.717079
0.056100 -1.735051
0.056200 -1.516298
0.056300 -1.544390
0.056400 -1.694808
0.056500 -1.750327
0.056600 -1.566331
0.056700 -1.521710
0.056800 -1.668953
0.056900 -1.756016
0.057000 -1.615053
0.057100 -1.503867
0.057200 -1.640677
0.057300 -1.753103
0.057400 -1.662961
0.057500 -1.489623
0.057600 -1.611191
0.057700 -1.742626
0.057800 -1.703088
0.057900 -1.480569
0.058000 -1.581728
0.058100 -1.725709
0.058200 -1.731286
0.058300 -1.504223
0.058400 -1.553657
0.058500 -1.703665
0.058600 -1.748685
0.058700 -1.553245
0.058800 -1.529384
0.058900 -1.678479
0.059000 -1.756943
0.059100 -1.602312
0.059200 -1.510335
0.059300 -1.651076
0.059400 -1.756785
0.059500 -1.651241
0.059600 -1.495822
0.059700 -1.622433
0.059800 -1.749046
0.059900 -1.695170
0.060000 -1.485290
0.060100 -1.593677
0.060200 -1.734712
0.060300 -1.727551
0.060400 -1.496791
0.060500 -1.565971
0.060600 -1.714850
0.060700 -1.748716
0.060800 -1.542927
0.060900 -1.540626
0.061000 -1.690602
0.061100 -1.759613
0.061200 -1.591880
0.061300 -1.519352
0.061400 -1.663158
0.061500 -1.761247
0.061600 -1.639890
0.061700 -1.502828
0.061800 -1.633740
0.061900 -1.754706
0.062000 -1.685789
0.062100 -1.488995
0.062200 -1.603791
0.062300 -1.741270
0.062400 -1.720869
0.062500 -1.490224
0.062600 -1.575381
0.062700 -1.722764
0.062800 -1.745184
0.062900 -1.529690
0.063000 -1.549478
0.063100 1.062422
0.063200 3.592345
0.063300 5.881067
0.063400 7.951523
0.063500 9.824490
0.063600 11.518918
0.063700 13.051910
0.063800 14.438740
0.063900 15.693231
0.064000 16.828130
0.064100 17.854925
0.064200 18.783872
0.064300 19.624112
0.064400 20.384239
0.064500 21.071976
0.064600 21.694236
0.064700 22.257018
0.064800 22.766121
0.064900 23.226752
0.065000 23.643579
0.065100 24.020539
0.065200 24.361509
0.065300 24.670019
0.065400 24.949231
0.065500 25.201738
0.065600 25.423897
0.065700 25.609074
0.065800 25.763673
0.065900 25.894071
0.066000 25.986111
0.066100 25.986129
0.066200 25.986175
0.066300 25.986258
0.066400 25.986196
0.066500 25.986131
0.066600 25.986153
0.066700 25.986261
0.066800 25.986208
0.066900 25.986136
0.067000 25.986135
0.067100 25.986247
0.067200 25.986217
0.067300 25.986142
0.067400 25.986120
0.067500 25.986219
0.067600 25.986225
0.067700 25.986150
0.067800 25.986112
0.067900 25.986192
0.068000 25.986233
0.068100 25.986162
0.068200 25.986111
0.068300 25.986168
0.068400 25.986242
0.068500 25.986178
0.068600 25.986116
0.068700 25.986147
0.068800 25.986249
0.068900 25.986194
0.069000 25.986124
0.069100 25.986131
0.069200 25.986246
0.069300 25.986208
0.069400 25.986133
0.069500 25.986118
0.069600 25.986223
0.069700 25.986218
0.069800 25.986142
0.069900 25.986109
0.070000 25.986195
0.070100 25.986226
0.070200 25.986154
0.070300 25.986106
0.070400 25.986170
0.070500 25.986234
0.070600 25.986168
0.070700 25.986109
0.070800 25.986147
0.070900 25.986242
0.071000 25.986184
0.071100 25.986117
0.071200 25.986131
0.071300 25.986245
0.071400 25.986200
0.071500 25.986127
0.071600 25.986119
0.071700 25.986228
0.071800 25.986213
0.071900 25.986138
0.072000 25.986110
0.072100 25.986202
0.072200 25.986223
0.072300 25.986149
0.072400 25.986105
0.072500 25.986175
0.072600 25.986230
0.072700 25.986161
0.072800 25.986105
0.072900 25.986151
0.073000 25.986237
0.073100 25.986176
0.073200 25.986111
0.073300 25.986132
0.073400 25.986243
0.073500 25.986193
0.073600 25.986122
0.073700 25.986120
0.073800 25.986233
0.073900 25.986208
0.074000 25.986134
0.074100 25.986112
0.074200 25.986210
0.074300 25.986221
0.074400 25.986146
0.074500 25.986107
0.074600 25.986184
0.074700 25.986228
0.074800 25.986157
0.074900 25.986104
0.075000 25.986157
0.075100 25.986233
0.075200 25.986170
0.075300 25.986107
0.075400 25.986134
0.075500 25.986238
0.075600 25.986184
0.075700 25.986114
0.075800 25.986119
0.075900 25.986235
0.076000 25.986200
0.076100 25.986127
0.076200 25.986111
0.076300 25.986215
0.076400 25.986215
0.076500 25.986141
0.076600 25.986107
0.076700 25.986191
0.076800 25.986227
0.076900 25.986155
0.077000 25.986105
0.077100 25.986166
0.077200 25.986233
0.077300 25.986167
0.077400 25.986106
0.077500 25.986141
0.077600 25.986237
0.077700 25.986180
0.077800 25.986111
0.077900 25.986121
0.078000 25.986236
0.078100 25.986193
0.078200 25.986120
0.078300 25.986110
0.078400 25.986219
0.078500 25.986208
0.078600 25.986134
0.078700 25.986105
0.078800 25.986196
0.078900 25.986222
0.079000 25.986149
0.079100 25.986104
0.079200 25.986173
0.079300 25.986231
0.079400 25.986163
0.079500 25.986105
0.079600 25.986148
0.079700 25.986236
0.079800 25.986176
0.079900 25.986109
0.080000 25.986126
0.080100 25.986238
0.080200 25.986188
0.080300 25.986116
0.080400 25.986111
0.080500 25.986223
0.080600 25.986202
0.080700 25.986127
0.080800 25.986104
0.080900 25.986200
0.081000 25.986216
0.081100 25.986142
0.081200 25.986103
0.081300 25.986178
0.081400 25.986228
0.081500 25.986158
0.081600 25.986105
0.081700 25.986155
0.081800 25.986235
0.081900 25.986173
0.082000 25.986108
0.082100 25.986132
0.082200 25.986238
0.082300 25.986185
0.082400 25.986113
0.082500 25.986114
0.082600 25.986229
0.082700 25.986196
0.082800 25.986122
0.082900 25.986103
0.083000 25.986204
0.083100 25.986209
0.083200 25.986134
0.083300 25.986099
0.083400 25.986181
0.083500 25.986221
0.083600 25.986150
0.083700 25.986101
0.083800 25.986160
0.083900 25.986231
0.084000 25.986167
0.084100 25.986106
0.084200 25.986138
0.084300 25.986239
0.084400 25.986182
0.084500 25.986112
0.084600 25.986120
0.084700 25.986235
0.084800 25.986194
0.084900 25.986120
0.085000 25.986106
0.085100 25.986212
0.085200 25.986205
0.085300 25.986130
0.085400 25.986098
0.085500 25.986186
0.085600 25.986215
0.085700 25.986143
0.085800 25.986097
0.085900 25.986163
0.086000 25.986226
0.086100 25.986159
0.086200 25.986102
0.086300 25.986142
0.086400 25.986235
0.086500 25.986176
0.086600 25.986109
0.086700 25.986124
0.086800 25.986237
0.086900 25.986190
0.087000 25.986117
0.087100 25.986110
0.087200 25.986220
0.087300 25.986202
0.087400 25.986126
0.087500 25.986100
0.087600 25.986193
0.087700 25.986212
0.087800 25.986137
0.087900 25.986095
0.088000 25.986168
0.088100 25.986221
0.088200 25.986152
0.088300 25.986097
0.088400 25.986146
0.088500 25.986230
0.088600 25.986169
0.088700 25.986105
0.088800 25.986127
0.088900 25.986237
0.089000 25.986185
0.089100 25.986114
0.089200 25.986114
0.089300 25.986227
0.089400 25.986199
0.089500 25.986124
0.089600 25.986103
0.089700 25.986202
0.089800 25.986209
0.089900 25.986134
0.090000 25.986096
0.090100 25.986175
0.090200 25.986217
0.090300 25.986146
0.090400 25.986094
0.090500 25.986150
0.090600 25.986224
0.090700 25.986161
0.090800 25.986099
0.090900 25.986129
0.091000 25.986232
0.091100 25.986177
0.091200 25.986108
0.091300 25.986115
0.091400 25.986231
0.091500 25.986194
0.091600 25.986120
0.091700 25.986105
0.091800 25.986210
0.091900 25.986207
0.092000 25.986132
0.092100 25.986099
0.092200 25.986184
0.092300 25.986217
0.092400 25.986144
0.092500 25.986096
0.092600 25.986158
0.092700 25.986223
0.092800 25.986156
0.092900 25.986097
0.093000 25.986134
0.093100 25.986229
0.093200 25.986171
0.093300 25.986103
0.093400 25.986116
0.093500 25.986231
0.093600 25.986187
0.093700 25.986114
0.093800 25.986106
0.093900 25.986215
0.094000 25.986202
0.094100 25.986127
0.094200 25.986100
0.094300 25.986191
0.094400 25.986214
0.094500 25.986140
0.094600 25.986096
0.094700 25.986166
0.094800 25.986221
0.094900 25.986152
0.095000 25.986095
0.095100 25.986140
0.095200 25.986226
0.095300 25.986165
0.095400 25.986099
0.095500 25.986119
0.095600 25.986230
0.095700 25.986180
0.095800 25.986108
0.095900 25.986106
0.096000 25.986219
0.096100 25.986196
0.096200 25.986121
0.096300 25.986099
0.096400 25.986197
0.096500 25.986210
0.096600 25.986136
0.096700 25.986097
0.096800 25.986174
0.096900 25.986220
0.097000 25.986149
0.097100 25.986096
0.097200 25.986148
0.097300 25.986225
0.097400 25.986161
0.097500 25.986098
0.097600 25.986124
0.097700 25.986228
0.097800 25.986174
0.097900 25.986103
0.098000 25.986106
0.098100 25.986222
0.098200 25.986188
0.098300 25.986114
0.098400 25.986097
0.098500 25.986200
0.098600 25.986202
0.098700 25.986128
0.098800 25.986094
0.098900 25.986178
0.099000 25.986215
0.099100 25.986144
0.099200 25.986095
0.099300 25.986156
0.099400 25.986224
0.099500 25.986159
0.099600 25.986098
0.099700 25.986132
0.099800 25.986229
0.099900 25.986171
0.100000 25.986102
0.100100 25.986112
0.100200 25.986226
0.100300 25.986183
0.100400 25.986110
0.100500 25.986098
0.100600 25.986206
0.100700 25.986196
0.100800 25.986121
0.100900 25.986092
0.101000 25.986182
0.101100 25.986209
0.101200 25.986137
0.101300 25.986092
0.101400 25.986160
0.101500 25.986220
0.101600 25.986153
0.101700 25.986096
0.101800 25.986138
0.101900 25.986227
0.102000 25.986167
0.102100 25.986101
0.102200 25.986117
0.102300 25.986229
0.102400 25.986180
0.102500 25.986107
0.102600 25.986101
0.102700 25.986213
0.102800 25.986192
0.102900 25.986116
0.103000 25.986092
0.103100 25.986187
0.103200 25.986204
0.103300 25.986130
0.103400 25.986089
0.103500 25.986165
0.103600 25.986215
0.103700 25.986146
0.103800 25.986093
0.103900 25.986143
0.104000 25.986225
0.104100 25.986163
0.104200 25.986099
0.104300 25.986123
0.104400 25.986230
0.104500 25.986177
0.104600 25.986106
0.104700 25.986106
0.104800 25.986220
0.104900 25.986189
0.105000 25.986114
0.105100 25.986094
0.105200 25.986194
0.105300 25.986199
0.105400 25.986124
0.105500 25.986088
0.105600 25.986169
0.105700 25.986209
0.105800 25.986138
0.105900 25.986088
0.106000 25.986146
0.106100 23.957612
0.106200 21.391553
0.106300 19.049097
0.106400 17.099851
0.106500 15.420115
0.106600 13.664373
0.106700 12.042101
0.106800 10.725055
0.106900 9.725829
0.107000 8.562389
0.107100 7.444104
0.107200 6.544520
0.107300 5.966903
0.107400 5.219168
0.107500 4.424624
0.107600 3.779641
0.107700 3.427911
0.107800 2.991195
0.107900 2.411093
0.108000 1.925855
0.108100 1.702512
0.108200 1.493062
0.108300 1.067322
0.108400 0.687673
0.108500 0.530861
0.108600 0.492421
0.108700 0.180434
0.108800 -0.128967
0.108900 -0.255834
0.109000 -0.175591
0.109100 -0.400176
0.109200 -0.662483
0.109300 -0.780791
0.109400 -0.653289
0.109500 -0.779574
0.109600 -1.007989
0.109700 -1.129728
0.109800 -1.004302
0.109900 -1.027508
0.110000 -1.227918
0.110100 -1.358665
0.110200 -1.254038
0.110300 -1.190118
0.110400 -1.363615
0.110500 -1.504947
0.110600 -1.436527
0.110700 -1.296242
0.110800 -1.443407
0.110900 -1.594199
0.111000 -1.567754
0.111100 -1.367467
0.111200 -1.487411
0.111300 -1.644582
0.111400 -1.657692
0.111500 -1.440392
0.111600 -1.508786
0.111700 -1.668026
0.111800 -1.717028
0.111900 -1.524682
0.112000 -1.516923
0.112100 -1.672928
0.112200 -1.753281
0.112300 -1.598080
0.112400 -1.518839
0.112500 -1.665291
0.112600 -1.771804
0.112700 -1.662921
0.112800 -1.518133
0.112900 -1.649488
0.113000 -1.776467
0.113100 -1.718487
0.113200 -1.515747
0.113300 -1.628816
0.113400 -1.770199
0.113500 -1.758941
0.113600 -1.527422
0.113700 -1.605918
0.113800 -1.755421
0.113900 -1.785478
0.114000 -1.575793
0.114100 -1.583121
0.114200 -1.734288
0.114300 -1.800035
0.114400 -1.627173
0.114500 -1.563165
0.114600 -1.708943
0.114700 -1.804495
0.114800 -1.677282
0.114900 -1.548192
0.115000 -1.681704
0.115100 -1.800822
0.115200 -1.725803
0.115300 -1.536275
0.115400 -1.653709
0.115500 -1.789939
0.115600 -1.763976
0.115700 -1.535577
0.115800 -1.626043
0.115900 -1.772824
0.116000 -1.790304
0.116100 -1.570748
0.116200 -1.599947
0.116300 -1.750633
0.116400 -1.805763
0.116500 -1.620857
0.116600 -1.577076
0.116700 -1.724656
0.116800 -1.811454
0.116900 -1.669517
0.117000 -1.558979
0.117100 -1.696201
0.117200 -1.808502
0.117300 -1.717410
0.117400 -1.544542
0.117500 -1.666546
0.117600 -1.797991
0.117700 -1.757679
0.117800 -1.535211
0.117900 -1.636899
0.118000 -1.781021
0.118100 -1.786005
0.118200 -1.558345
0.118300 -1.608778
0.118400 -1.758998
0.118500 -1.803553
0.118600 -1.607235
0.118700 -1.584284
0.118800 -1.733637
0.118900 -1.811746
0.119000 -1.656159
0.119100 -1.564848
0.119200 -1.705920
0.119300 -1.811405
0.119400 -1.704863
0.119500 -1.549974
0.119600 -1.676962
0.119700 -1.803495
0.119800 -1.748761
0.119900 -1.539098
0.120000 -1.647948
0.120100 -1.789041
0.120200 -1.781200
0.120300 -1.549810
0.120400 -1.620005
0.120500 -1.769050
0.120600 -1.802389
0.120700 -1.595683
0.120800 -1.594336
0.120900 -1.744552
0.121000 -1.813167
0.121100 -1.644439
0.121200 -1.572601
0.121300 -1.716712
0.121400 -1.814531
0.121500 -1.692129
0.121600 -1.555553
0.121700 -1.686851
0.121800 -1.807704
0.121900 -1.737902
0.122000 -1.541551
0.122100 -1.656753
0.122200 -1.794257
0.122300 -1.773139
0.122400 -1.542371
0.122500 -1.628220
0.122600 25.978090
0.122700 25.979933
0.122800 25.981277
0.122900 25.982090
0.123000 25.982563
0.123100 25.982900
0.123200 25.983234
0.123300 25.983422
0.123400 25.983457
0.123500 25.983485
0.123600 25.983602
0.123700 25.983693
0.123800 25.983647
0.123900 25.983604
0.124000 25.983657
0.124100 25.983754
0.124200 25.983698
0.124300 25.983635
0.124400 25.983655
0.124500 25.983770
0.124600 25.983722
0.124700 25.983651
0.124800 25.983647
0.124900 25.983761
0.125000 25.983740
0.125100 25.983665
0.125200 25.983641
0.125300 25.983738
0.125400 25.983754
0.125500 25.983680
0.125600 25.983640
0.125700 25.983716
0.125800 25.983766
0.125900 25.983696
0.126000 25.983643
0.126100 25.983694
0.126200 25.983775
0.126300 25.983713
0.126400 25.983650
0.126500 25.983675
0.126600 25.983783
0.126700 25.983731
0.126800 25.983661
0.126900 25.983663
0.127000 25.983779
0.127100 25.983748
0.127200 25.983674
0.127300 25.983655
0.127400 25.983757
0.127500 25.983763
0.127600 25.983688
0.127700 25.983652
0.127800 25.983735
0.127900 25.983775
0.128000 25.983704
0.128100 25.983654
0.128200 25.983712
0.128300 25.983785
0.128400 25.983720
0.128500 25.983659
0.128600 25.983692
0.128700 25.983794
0.128800 25.983738
0.128900 25.983669
0.129000 25.983678
0.129100 25.983795
0.129200 25.983755
0.129300 25.983682
0.129400 25.983670
0.129500 25.983777
0.129600 25.983772
0.129700 25.983697
0.129800 25.983666
0.129900 25.983755
0.130000 25.983785
0.130100 25.983713
0.130200 25.983667
0.130300 25.983733
0.130400 25.983795
0.130500 25.983729
0.130600 25.983671
0.130700 25.983711
0.130800 25.983804
0.130900 25.983745
0.131000 25.983678
0.131100 25.983694
0.131200 25.983808
0.131300 25.983762
0.131400 25.983690
0.131500 25.983683
0.131600 25.983795
0.131700 25.983778
0.131800 25.983704
0.131900 25.983679
0.132000 25.983773
0.132100 25.983793
0.132200 25.983720
0.132300 25.983678
0.132400 25.983752
0.132500 25.983805
0.132600 25.983737
0.132700 25.983682
0.132800 25.983730
0.132900 25.983815
0.133000 25.983754
0.133100 25.983689
0.133200 25.983711
0.133300 25.983822
0.133400 25.983770
0.133500 25.983699
0.133600 25.983699
0.133700 25.983814
0.133800 25.983787
0.133900 25.983712
0.134000 25.983692
0.134100 25.983792
0.134200 25.983802
0.134300 25.983728
0.134400 25.983691
0.134500 25.983771
0.134600 25.983815
0.134700 25.983744
0.134800 25.983693
0.134900 25.983749
0.135000 25.983825
0.135100 25.983761
0.135200 25.983699
0.135300 25.983729
0.135400 25.983832
0.135500 25.983778
0.135600 25.983708
0.135700 25.983714
0.135800 25.983831
0.135900 25.983794
0.136000 25.983720
0.136100 25.983705
0.136200 25.983811
0.136300 25.983809
0.136400 25.983735
0.136500 25.983702
0.136600 25.983789
0.136700 25.983824
0.136800 25.983752
0.136900 25.983705
0.137000 25.983768
0.137100 25.983835
0.137200 25.983769
0.137300 25.983710
0.137400 25.983748
0.137500 25.983844
0.137600 25.983786
0.137700 25.983718
0.137800 25.983731
0.137900 25.983846
0.138000 25.983802
0.138100 25.983729
0.138200 25.983720
0.138300 25.983830
0.138400 25.983817
0.138500 25.983742
0.138600 25.983715
0.138700 25.983808
0.138800 25.983831
0.138900 25.983758
0.139000 25.983715
0.139100 25.983786
0.139200 25.983843
0.139300 25.983775
0.139400 25.983720
0.139500 25.983765
0.139600 25.983853
0.139700 25.983793
0.139800 25.983728
0.139900 25.983748
0.140000 25.983860
0.140100 11.753121
0.140200 10.862915
0.140300 10.224308
0.140400 9.754717
0.140500 9.185148
0.140600 8.583081
0.140700 8.056421
0.140800 7.676188
0.140900 7.248862
0.141000 6.742222
0.141100 6.289108
0.141200 5.973948
0.141300 5.667858
0.141400 5.244236
0.141500 4.852301
0.141600 4.582885
0.141700 4.381570
0.141800 4.027169
0.141900 3.685648
0.142000 3.447228
0.142100 3.323584
0.142200 3.037228
0.142300 2.737972
0.142400 2.522425
0.142500 2.434803
0.142600 2.231246
0.142700 1.968646
0.142800 1.770514
0.142900 1.703287
0.143000 1.574581
0.143100 1.345090
0.143200 1.160566
0.143300 1.103115
0.143400 1.039851
0.143500 0.840426
0.143600 0.666983
0.143700 0.609866
0.143800 0.605737
0.143900 0.432395
0.144000 0.268613
0.144100 0.204395
0.144200 0.242119
0.144300 0.102651
0.144400 -0.051985
0.144500 -0.124775
0.144600 -0.078859
0.144700 -0.164103
0.144800 -0.309308
0.144900 -0.390566
0.145000 -0.346949
0.145100 -0.380404
0.145200 -0.515001
0.145300 -0.604008
0.145400 -0.568959
0.145500 -0.555955
0.145600 -0.678712
0.145700 -0.774239
0.145800 -0.753600
0.145900 -0.696561
0.146000 -0.808462
0.146100 -0.908895
0.146200 -0.907762
0.146300 -0.816595
0.146400 -0.911067
0.146500 -1.014468
0.146600 -1.033391
0.146700 -0.939373
0.146800 -0.992188
0.146900 -1.096296
0.147000 -1.133273
0.147100 -1.048492
0.147200 -1.056694
0.147300 -1.158735
0.147400 -1.211484
0.147500 -1.140703
0.147600 -1.108281
0.147700 -1.205447
0.147800 -1.271466
0.147900 -1.219366
0.148000 -1.148165
0.148100 -1.239681
0.148200 -1.316270
0.148300 -1.287485
0.148400 -1.182642
0.148500 -1.264343
0.148600 -1.348640
0.148700 -1.344237
0.148800 -1.231641
0.148900 -1.281634
0.149000 -1.370678
0.149100 -1.388125
0.149200 -1.286436
0.149300 -1.293660
0.149400 -1.384234
0.149500 -1.420733
0.149600 -1.334197
0.149700 -1.302343
0.149800 -1.390943
0.149900 -1.443570
0.150000 -1.376382
0.150100 -1.307548
0.150200 -1.392284
0.150300 -1.458056
0.150400 -1.414422
0.150500 -1.310279
0.150600 -1.389787
0.150700 -1.465632
0.150800 -1.448084
0.150900 -1.328649
0.151000 -1.384736
0.151100 -1.467481
0.151200 -1.473784
0.151300 -1.363563
0.151400 -1.378257
0.151500 -1.464552
0.151600 -1.491732
0.151700 -1.396288
0.151800 -1.371711
0.151900 -1.457878
0.152000 -1.502867
0.152100 -1.426375
0.152200 -1.365240
0.152300 -1.448534
0.152400 -1.508171
0.152500 -1.454641
0.152600 -1.357879
0.152700 -1.437281
0.152800 -1.508332
0.152900 -1.481095
0.153000 -1.360220
0.153100 -1.424837
0.153200 -1.504036
0.153300 -1.501802
0.153400 -1.386458
0.153500 -1.411945
0.153600 -1.495973
0.153700 -1.515737
0.153800 -1.414203
0.153900 -1.399626
0.154000 -1.484867
0.154100 -1.523606
0.154200 -1.439945
0.154300 -1.388497
0.154400 -1.471639
0.154500 -1.526249
0.154600 -1.464498
0.154700 -1.377014
0.154800 -1.457107
0.154900 -1.524355
0.155000 -1.488422
0.155100 -1.371206
0.155200 -1.441863
0.155300 -1.518447
0.155400 -1.508591
0.155500 -1.389244
0.155600 -1.426648
0.155700 -1.509231
0.155800 -1.522440
0.155900 -1.415943
0.156000 -1.412456
0.156100 -1.497457
0.156200 -1.530631
0.156300 -1.440960
0.156400 -1.399903
0.156500 -1.483675
0.156600 -1.533646
0.156700 -1.464771
0.156800 -1.387769
0.156900 -1.468469
0.157000 -1.532001
0.157100 -1.487887
0.157200 -1.376973
0.157300 -1.452424
0.157400 -1.526232
0.157500 -1.508599
0.157600 -1.386474
0.157700 -1.436116
0.157800 -1.516951
0.157900 -1.523323
0.158000 -1.412405
0.158100 -1.420509
0.158200 -1.504971
0.158300 -1.532339
0.158400 -1.437036
0.158500 -1.406648
0.158600 -1.490978
0.158700 -1.536199
0.158800 -1.460480
0.158900 -1.393837
0.159000 -1.475507
0.159100 -1.535348
0.159200 -1.483283
0.159300 -1.381583
0.159400 -1.459305
0.159500 -1.530470
0.159600 -1.505214
0.159700 -1.383152
0.159800 -1.443058
0.159900 -1.522229
0.160000 -1.521856
0.160100 -1.407106
0.160200 -1.427340
0.160300 -1.511119
0.160400 -1.532574
0.160500 -1.432267
0.160600 -1.412990
0.160700 -1.497665
0.160800 -1.537820
0.160900 -1.455929
0.161000 -1.400140
0.161100 -1.482427
0.161200 -1.538087
0.161300 -1.478578
0.161400 -1.386826
0.161500 -1.466018
0.161600 -1.533986
0.161700 -1.500607
0.161800 -1.380912
0.161900 -1.449286
0.162000 -1.526326
0.162100 -1.518802
0.162200 -1.400415
0.162300 -1.432954
0.162400 -1.515729
0.162500 -1.531032
0.162600 -1.425849
0.162700 -1.417804
0.162800 -1.502672
0.162900 -1.537684
0.163000 -1.449804
0.163100 -1.404517
0.163200 -1.487901
0.163300 -1.539431
0.163400 -1.472892
0.163500 -1.391720
0.163600 -1.472084
0.163700 -1.536869
0.163800 -1.495619
0.163900 -1.382176
0.164000 -1.455743
0.164100 -1.530481
0.164200 -1.515610
0.164300 -1.394141
0.164400 -1.439414
0.164500 -1.520789
0.164600 -1.529556
0.164700 -1.420125
0.164800 -1.423807
0.164900 -1.508336
0.165000 -1.537664
0.165100 -1.444248
0.165200 -1.409782
0.165300 -1.493725
0.165400 -1.540539
0.165500 -1.467193
0.165600 -1.396659
0.165700 -1.477831
0.165800 -1.538959
0.165900 -1.489680
0.166000 -1.384390
0.166100 -1.461325
0.166200 -1.533471
0.166300 -1.511027
0.166400 -1.388672
0.166500 -1.444689
0.166600 -1.524531
0.166700 -1.526690
0.166800 -1.413184
0.166900 -1.428815
0.167000 -1.512916
0.167100 -1.536609
0.167200 -1.438063
0.167300 -1.414629
0.167400 -1.499241
0.167500 -1.541322
0.167600 -1.461702
0.167700 -1.401912
0.167800 -1.484028
0.167900 -1.541282
0.168000 -1.484544
0.168100 -1.389117
0.168200 -1.467823
0.168300 -1.536973
0.168400 -1.506562
0.168500 -1.384810
0.168600 -1.451172
0.168700 -1.528916
0.168800 -1.523922
0.168900 -1.406766
0.169000 -1.434671
0.169100 -1.517733
0.169200 -1.535218
0.169300 -1.431758
0.169400 -1.419528
0.169500 -1.504311
0.169600 -1.541213
0.169700 -1.455449
0.169800 -1.406240
0.169900 -1.489270
0.170000 -1.542389
0.170100 -1.478272
0.170200 -1.393035
0.170300 -1.473095
0.170400 -1.539159
0.170500 -1.500806
0.170600 -1.384885
0.170700 -1.456606
0.170800 -1.532296
0.170900 -1.520215
0.171000 -1.399828
0.171100 -1.440384
0.171200 -1.522362
0.171300 -1.533611
0.171400 -1.425760
0.171500 -1.425147
0.171600 -1.509871
0.171700 -1.541356
0.171800 -1.450016
0.171900 -1.411618
0.172000 -1.495370
0.172100 -1.543928
0.172200 -1.473067
0.172300 -1.398723
0.172400 -1.479430
0.172500 -1.541832
0.172600 -1.495417
0.172700 -1.386605
0.172800 -1.462662
0.172900 -1.535695
0.173000 -1.515978
0.173100 -1.393677
0.173200 -1.445944
0.173300 -1.526358
0.173400 -1.530962
0.173500 -1.418872
0.173600 -1.430049
0.173700 -1.514379
0.173800 -1.540222
0.173900 -1.443396
0.174000 -1.415757
0.174100 -1.500227
0.174200 -1.544157
0.174300 -1.466745
0.174400 -1.402894
0.174500 -1.484777
0.174600 -1.543560
0.174700 -1.489544
0.174800 -1.390444
0.174900 -1.468597
0.175000 -1.538943
0.175100 -1.511538
0.175200 -1.389584
0.175300 -1.452195
0.175400 -1.530791
0.175500 -1.528494
0.175600 -1.412719
0.175700 -1.436148
0.175800 -1.519623
0.175900 -1.539390
0.176000 -1.437711
0.176100 -1.421319
0.176200 -1.505991
0.176300 -1.544716
0.176400 -1.461120
0.176500 -1.408004
0.176600 -1.490548
0.176700 -1.545124
0.176800 -1.483667
0.176900 -1.394614
0.177000 -1.474195
0.177100 -1.541407
0.177200 -1.505944
0.177300 -1.387741
0.177400 -1.457547
0.177500 -1.534079
0.177600 -1.524686
0.177700 -1.405314
0.177800 -1.441087
0.177900 -1.523585
0.178000 -1.537237
0.178100 -1.430906
0.178200 -1.425945
0.178300 -1.510798
0.178400 -1.544376
0.178500 -1.455062
0.178600 -1.412657
0.178700 -1.496230
0.178800 -1.546551
0.178900 -1.478216
0.179000 -1.399889
0.179100 -1.480423
0.179200 -1.544241
0.179300 -1.500842
0.179400 -1.389084
0.179500 -1.463940
0.179600 -1.537959
0.179700 -1.521035
0.179800 -1.398816
0.179900 -1.447325
0.180000 -1.528256
0.180100 -1.535222
0.180200 -1.424607
0.180300 -1.431362
0.180400 -1.515793
0.180500 -1.543662
0.180600 -1.448811
0.180700 -1.417201
0.180800 -1.501406
0.180900 -1.547060
0.181000 -1.471963
0.181100 -1.404158
0.181200 -1.485685
0.181300 -1.545884
0.181400 -1.494492
0.181500 -1.391625
0.181600 -1.469133
0.181700 -1.540582
0.181800 -1.516102
0.181900 -1.393878
0.182000 -1.452662
0.182100 -1.532033
0.182200 -1.532366
0.182300 -1.417920
0.182400 -1.436830
0.182500 -1.520711
0.182600 -1.542797
0.182700 -1.442948
0.182800 -1.422464
0.182900 -1.507134
0.183000 -1.547838
0.183100 -1.466557
0.183200 -1.409598
0.183300 -1.491849
0.183400 -1.547968
0.183500 -1.489218
0.183600 -1.396359
0.183700 -1.475433
0.183800 -1.543722
0.183900 -1.511139
0.184000 -1.390767
0.184100 -1.458559
0.184200 -1.535792
0.184300 -1.528963
0.184400 -1.410877
0.184500 -1.442093
0.184600 -1.524969
0.184700 -1.540897
0.184800 -1.436173
0.184900 -1.426932
0.185000 -1.511801
0.185100 -1.547362
0.185200 -1.459983
0.185300 -1.413494
0.185400 -1.496806
0.185500 -1.548809
0.185600 -1.482929
0.185700 -1.400564
0.185800 -1.480869
0.185900 -1.546039
0.186000 -1.505604
0.186100 -1.391419
0.186200 -1.464479
0.186300 -1.539508
0.186400 -1.525426
0.186500 -1.404227
0.186600 -1.448161
0.186700 -1.529728
0.186800 -1.539201
0.186900 -1.430185
0.187000 -1.432638
0.187100 -1.517242
0.187200 -1.547189
0.187300 -1.454333
0.187400 -1.418739
0.187500 -1.502626
0.187600 -1.549923
0.187700 -1.477234
0.187800 -1.405562
0.187900 -1.486599
0.188000 -1.548088
0.188100 -1.499600
0.188200 -1.393271
0.188300 -1.469977
0.188400 -1.542399
0.188500 -1.520729
0.188600 -1.398358
0.188700 -1.453323
0.188800 -1.533354
0.188900 -1.536211
0.189000 -1.423008
0.189100 -1.437306
0.189200 -1.521500
0.189300 -1.545817
0.189400 -1.447728
0.189500 -1.423082
0.189600 -1.507680
0.189700 -1.550302
0.189800 -1.471289
0.189900 -1.410324
0.190000 -1.492397
0.190100 -1.550103
0.190200 -1.494125
0.190300 -1.397623
0.190400 -1.476193
0.190500 -1.545703
0.190600 -1.516140
0.190700 -1.394295
0.190800 -1.459604
0.190900 -1.537611
0.191000 -1.533382
0.191100 -1.416583
0.191200 -1.443211
0.191300 -1.526395
0.191400 -1.544508
0.191500 -1.441499
0.191600 -1.428046
0.191700 -1.512796
0.191800 -1.550211
0.191900 -1.465032
0.192000 -1.414689
0.192100 -1.497602
0.192200 -1.551153
0.192300 -1.487779
0.192400 -1.401434
0.192500 -1.481383
0.192600 -1.547795
0.192700 -1.510226
0.192800 -1.393540
0.192900 -1.464728
0.193000 -1.540685
0.193100 -1.529372
0.193200 -1.409243
0.193300 -1.448447
0.193400 -1.530599
0.193500 -1.542538
0.193600 -1.435092
0.193700 -1.433237
0.193800 -1.518019
0.193900 -1.550108
0.194000 -1.459319
0.194100 -1.419763
0.194200 -1.503483
0.194300 -1.552555
0.194400 -1.482392
0.194500 -1.406892
0.194600 -1.487563
0.194700 -1.550379
0.194800 -1.504806
0.194900 -1.394992
0.195000 -1.470842
0.195100 -1.544153
0.195200 -1.525201
0.195300 -1.402866
0.195400 -1.454051
0.195500 -1.534615
0.195600 -1.539883
0.195700 -1.428179
0.195800 -1.438097
0.195900 -1.522480
0.196000 -1.548911
0.196100 -1.452625
0.196200 -1.423848
0.196300 -1.508267
0.196400 -1.552701
0.196500 -1.475870
0.196600 -1.410811
0.196700 -1.492620
0.196800 -1.551826
0.196900 -1.498547
0.197000 -1.398349
0.197100 -1.476339
0.197200 -1.547018
0.197300 -1.520440
0.197400 -1.398377
0.197500 -1.459911
0.197600 -1.538749
0.197700 -1.537200
0.197800 -1.421773
0.197900 -1.443918
0.198000 -1.527530
0.198100 -1.547962
0.198200 -1.446777
0.198300 -1.429212
0.198400 -1.513900
0.198500 -1.553189
0.198600 -1.470220
0.198700 -1.416004
0.198800 -1.498444
0.198900 -1.553448
0.199000 -1.492722
0.199100 -1.402532
0.199200 -1.481967
0.199300 -1.549489
0.199400 -1.514830
0.199500 -1.395974
0.199600 -1.465223
0.199700 -1.541976
0.199800 -1.533315
0.199900 -1.414283
0.200000 -1.448769
1.200000 -1.448769
