1.01 2.79099 0.922109 0.0614446 -0.00527465 -2.06287 0.108091 0 0 0.00833995 0.0176654 0.8001 0 0 1 1 0 0 0 0 0 0 0 
1.075 2.79099 0.922111 0.061446 -0.00473141 -2.04269 0.107502 0 0 0.00667196 0.0141323 0.64008 0 0 1 1 0 0 0 0 0 0 0 
1.135 2.79098 0.922193 0.0614494 -0.00451173 -2.08569 0.106761 0 0 -0.00120576 0.0139676 0.712505 0 0 0 0 0 0 0 0 0 200 200 
1.2 2.79095 0.928325 0.0614228 -0.00341706 -1.2112 0.104693 5 0 -0.0120244 0.0111615 0.767161 0 0 0 0 0 0 0 0 0 200 200 
1.26 2.79091 0.944679 0.0614312 -0.00239746 -1.02161 0.105243 21 0 0.0471849 0.00880298 0.814552 0 0 0 0 0 0 0 0 0 200 200 
1.325 2.79086 0.966916 0.0614695 -0.00450089 -2.41385 0.103239 43 0 0.0945524 0.00691619 0.852465 0 0 0 0 0 0 0 0 0 200 200 
1.385 2.79085 0.985483 0.0614384 -0.00467995 -1.89674 0.0997242 62 0 0.0469912 0.0102867 0.87867 0 0 0 0 0 0 0 0 0 200 200 
1.45 2.79081 1.00633 0.061445 -0.00688643 -2.02829 0.0975455 83 0 0.0374547 0.00857392 0.90155 0 0 0 0 0 0 0 0 0 200 200 
1.51 2.79078 1.02561 0.0614355 -0.00421604 -2.17062 0.0940453 102 0 0.0218014 0.00767515 0.919506 0 0 0 0 0 0 0 0 0 200 200 
1.575 2.79076 1.04714 0.0614315 -0.00862523 -2.93442 0.0841397 123 0 0.014964 0.00480226 0.929829 0 0 0 0 0 0 0 0 0 200 200 
1.635 2.79074 1.06686 0.0614281 -0.0080113 -3.49072 0.0791523 143 0 0.000705983 -0.00122806 0.940478 0 0 0 0 0 0 0 0 0 200 200 
1.7 2.79072 1.08768 0.0614203 -0.00609949 -3.58726 0.0796941 164 0 -0.0116054 -0.000698922 0.95349 0 0 0 0 0 0 0 0 0 200 200 
1.76 2.79068 1.10686 0.061412 -0.00532697 -3.6512 0.082449 183 0 -0.0214546 -0.000275609 0.963901 0 0 0 0 0 0 0 0 0 200 200 
1.825 2.79066 1.12774 0.0614029 -0.00784012 -3.82065 0.0849485 204 0 -0.0293339 6.30418e-005 0.972229 0 0 0 0 0 0 0 0 0 200 200 
1.885 2.79063 1.14691 0.0614107 -0.00827368 -3.84293 0.0868536 223 0 -0.0286078 -0.000216525 0.982711 0 0 0 0 0 0 0 0 0 200 200 
1.95 2.79061 1.16766 0.0614009 -0.00616303 -3.89599 0.088848 244 0 -0.0347869 0.000386937 0.99309 0 0 0 0 0 0 0 0 0 200 200 
2.015 2.79057 1.18827 0.0614031 -0.00647056 -3.79977 0.0896991 264 0 -0.0359919 -0.000341689 0.998805 0 0 0 0 0 0 0 0 0 200 200 
2.08 2.79052 1.20902 0.0614017 -0.00555531 -3.83704 0.0888109 285 0 -0.0371303 0.000997776 0.994672 0 0 0 0 0 0 0 0 0 200 200 
2.145 2.79049 1.22976 0.0614056 -0.00942579 -3.83706 0.0879096 306 0 -0.0380409 0.00206935 0.991365 0 0 0 0 0 0 0 0 0 200 200 
2.205 2.79046 1.24887 0.0614128 -0.00661063 -3.82613 0.0884172 325 0 -0.0402961 -0.000244437 0.993025 0 0 0 0 0 0 0 0 0 200 200 
2.27 2.79042 1.26963 0.061407 -0.00560427 -3.8856 0.0893518 346 0 -0.0418996 0.000356057 0.997835 0 0 0 0 0 0 0 0 0 200 200 
2.33 2.79039 1.28883 0.0614011 -0.00760086 -3.95308 0.0906591 365 0 -0.040407 0.0013182 1.0021 0 0 0 0 0 0 0 0 0 200 200 
2.395 2.79037 1.30947 0.0614085 -0.00698704 -3.86861 0.090976 386 0 -0.0471885 0.00148754 1.0018 0 0 0 0 0 0 0 0 0 200 200 
2.455 2.79033 1.32851 0.0614164 -0.00653192 -3.78293 0.0916915 405 0 -0.0526137 0.001623 1.00155 0 0 0 0 0 0 0 0 0 200 200 
2.52 2.79031 1.34919 0.061407 -0.00554092 -3.77222 0.0923352 425 0 -0.0600163 0.00113769 0.997872 0 0 0 0 0 0 0 0 0 200 200 
2.58 2.79028 1.36834 0.0614005 -0.00751 -3.80456 0.0919111 445 0 -0.0659384 0.00074943 0.99493 0 0 0 0 0 0 0 0 0 200 200 
2.645 2.79629 1.38094 0.0613575 -0.0889754 -1.88673 2.68352 459 2 -0.065484 -0.000694759 0.997047 1 0 0 0 0 0 0 0 0 -200 -100 
2.705 2.79932 1.38528 0.0614353 -0.259121 -3.317 4.72124 465 5 0.0217341 0.085212 1.05761 1 0 0 0 0 0 0 0 0 -200 -100 
2.77 2.80023 1.38139 0.0613438 -0.624278 -6.33703 5.63085 469 5 -0.0390059 0.0690016 1.04594 1 0 0 0 0 0 0 0 0 -200 -100 
2.83 2.80144 1.37092 0.0613601 -0.763569 -6.51594 6.69979 479 7 -0.0875979 0.0560332 1.0366 1 0 0 0 0 0 0 0 0 -200 -100 
2.895 2.8037 1.35426 0.0614121 -0.613982 -4.00774 8.67574 495 8 -0.131314 0.0441851 1.02173 0 0 0 0 0 0 0 0 0 -200 -100 
2.955 2.80638 1.33826 0.0614099 -0.455318 -2.35401 10.8982 511 11 -0.11494 0.0284805 1.01583 0 0 0 0 0 0 0 0 0 -200 -100 
3.02 2.80935 1.32375 0.0614142 -0.772525 -3.26013 13.299 526 13 -0.086231 0.0132637 1.01399 0 0 0 0 0 0 0 0 0 -200 -100 
3.08 2.81255 1.31099 0.061411 -1.18425 -4.26666 15.4407 540 15 -0.0764532 0.0153761 1.00905 0 0 0 0 0 0 0 0 0 -200 -100 
3.145 2.81719 1.2955 0.0614244 -1.06009 -3.27955 17.852 556 18 -0.0807931 0.00934422 1.00462 0 0 0 0 0 0 0 0 0 -200 -100 
3.21 2.82258 1.2796 0.0614264 -0.866554 -2.34205 20.2446 572 20 -0.084265 0.00451869 1.00108 0 0 0 0 0 0 0 0 0 -200 -100 
3.275 2.82814 1.26523 0.0614448 -1.00305 -2.38925 22.6356 588 22 -0.0679704 -0.000768391 1.00226 0 0 0 0 0 0 0 0 0 -200 -100 
3.34 2.83463 1.25055 0.0614345 -0.847965 -1.81921 24.9511 604 25 -0.0690871 -0.00360927 1.00347 0 0 0 0 0 0 0 0 0 -200 -100 
3.405 2.84131 1.2367 0.0614436 -0.964558 -1.86409 27.2785 619 27 -0.0568598 -0.00478554 1.00117 0 0 0 0 0 0 0 0 0 -200 -100 
3.465 2.84797 1.22414 0.0614399 -1.05278 -1.85917 29.4242 634 29 -0.0460178 -0.00688714 1.00354 0 0 0 0 0 0 0 0 0 -200 -100 
3.53 2.85583 1.2107 0.0614396 -1.05962 -1.70755 31.7385 649 31 -0.0404035 -0.00831473 1.00663 0 0 0 0 0 0 0 0 0 -200 -100 
3.59 2.8635 1.19871 0.0614442 -1.138 -1.68997 33.8845 663 34 -0.0363819 -0.00880721 1.00427 0 0 0 0 0 0 0 0 0 -200 -100 
3.655 2.8723 1.18601 0.0614439 -1.20789 -1.64577 36.2191 679 36 -0.0481706 -0.0127673 1.00395 0 0 0 0 0 0 0 0 0 -200 -100 
3.72 2.88157 1.17357 0.0614442 -1.26318 -1.58086 38.5829 694 38 -0.0576017 -0.0159354 1.00369 0 0 0 0 0 0 0 0 0 -200 -100 
3.785 2.89135 1.1616 0.0614435 -1.31394 -1.51475 40.9114 710 41 -0.0651465 -0.0184698 1.00349 0 0 0 0 0 0 0 0 0 -200 -100 
3.85 2.90168 1.15001 0.0614448 -1.37875 -1.46183 43.2744 725 43 -0.0711823 -0.0204974 1.00332 0 0 0 0 0 0 0 0 0 -200 -100 
3.915 2.91251 1.13876 0.0614432 -1.43521 -1.39797 45.6876 741 45 -0.0620835 -0.0151897 1.00703 0 0 0 0 0 0 0 0 0 150 -150 
3.975 2.92159 1.12965 0.0614331 -1.20967 -1.20206 45.1497 754 45 -0.0514647 -0.0152358 1.00307 0 0 0 0 0 0 0 0 0 150 -150 
4.04 2.92579 1.12509 0.0614307 -1.15814 -1.34231 40.8104 761 41 -0.00680831 -0.00768888 1.00097 0 0 0 0 0 0 0 0 0 150 -150 
4.105 2.92579 1.12491 0.0614372 -1.19181 -1.76812 33.8761 761 34 0.0289168 -0.00165135 0.999301 0 0 0 0 0 0 0 0 0 150 -150 
4.17 2.92563 1.12559 0.061438 -1.08362 -2.14345 26.8885 762 27 0.02204 -0.00623914 1.00082 0 0 0 0 0 0 0 0 0 150 -150 
4.235 2.9257 1.12577 0.061437 -0.824419 -2.26677 20.036 762 20 0.00432834 -0.00305512 0.999752 0 0 0 0 0 0 0 0 0 150 -150 
4.3 2.9259 1.12553 0.0614407 -0.562725 -2.42284 13.0902 763 14 -0.0132222 -0.00129694 1.00263 0 0 0 0 0 0 0 0 0 150 -150 
4.365 2.92607 1.12511 0.0614383 -0.264708 -2.51977 6.0096 763 6 -0.0272626 0.000109596 1.00493 0 0 0 0 0 0 0 0 0 150 -150 
4.43 2.92621 1.12533 0.061434 0.0501643 -2.54563 -1.1359 763 -1 -0.0318499 0.00531073 1.00082 0 0 0 0 0 0 0 0 0 150 -150 
4.49 2.92639 1.12589 0.0614386 0.350836 -2.60218 -7.61584 764 -7 -0.0355197 0.00947164 0.997539 0 0 0 0 0 0 0 0 0 150 -150 
4.555 2.92658 1.12665 0.0614419 0.696088 -2.63956 -14.6494 765 -14 -0.0430867 0.008472 0.999373 0 0 0 0 0 0 0 0 0 150 -150 
4.615 2.92677 1.12696 0.0614403 1.00052 -2.59357 -21.0173 765 -21 -0.0439658 0.00627488 0.998963 0 0 0 0 0 0 0 0 0 150 -150 
4.68 2.92689 1.12712 0.0614328 1.23985 -2.32526 -27.9805 765 -28 -0.0446691 0.00451718 0.998636 0 0 0 0 0 0 0 0 0 150 -150 
4.745 2.92705 1.12725 0.0614337 1.48082 -2.12158 -34.8843 766 -34 -0.0600674 0.00733954 0.998858 0 0 0 0 0 0 0 0 0 150 -150 
4.81 2.92729 1.12732 0.0614353 1.71364 -1.92199 -41.7179 766 -41 -0.0675544 0.00309726 0.998447 0 0 0 0 0 0 0 0 0 150 -150 
4.875 2.92746 1.12729 0.0614414 1.90008 -1.67611 -48.5146 766 -48 -0.0670461 0.00738818 1.00102 0 0 0 0 0 0 0 0 0 150 -150 
4.94 2.92754 1.12723 0.0614383 2.08192 -1.43797 -55.3469 766 -55 -0.0666395 0.0108209 1.00308 0 0 0 0 0 0 0 0 0 150 -150 
5.005 2.92783 1.12721 0.0614356 2.22323 -1.17154 -62.217 766 -62 -0.0543509 0.0124464 1.00388 0 0 0 0 0 0 0 0 0 150 -150 
5.07 2.92827 1.12735 0.061437 2.36993 -0.890102 -69.3385 767 -69 -0.0445199 0.0137468 1.00452 0 0 0 0 0 0 0 0 0 150 -150 
5.135 2.92849 1.12713 0.0614379 2.47996 -0.599919 -76.3638 767 -76 -0.0530164 0.00417473 1.00179 0 0 0 0 0 0 0 0 0 150 -150 
5.2 2.92899 1.12702 0.0614334 2.51206 -0.290495 -83.395 767 -83 -0.0529477 0.00178806 1.00198 0 0 0 0 0 0 0 0 0 150 -150 
5.26 2.92958 1.12688 0.0614377 2.67336 -0.00210878 -89.8898 768 -89 -0.0528927 -0.000121287 1.00214 0 0 0 0 0 0 0 0 0 150 -150 
5.325 2.92968 1.12674 0.0614331 2.69651 0.317174 -96.6994 768 -96 -0.053538 -0.00252237 1.00272 0 0 0 0 0 0 0 0 0 150 -150 
5.385 2.92969 1.12664 0.0614339 2.59789 0.599624 -102.984 768 -103 -0.0540543 -0.00444323 1.00319 0 0 0 0 0 0 0 0 0 150 -150 
5.45 2.92982 1.12646 0.0614299 2.54368 0.914527 -109.8 769 -109 -0.0433083 -0.00432983 1.00009 0 0 0 0 0 0 0 0 0 150 -150 
5.51 2.93002 1.12626 0.0614368 2.39789 1.17895 -116.195 769 -116 -0.0358172 -0.000605557 0.996316 0 0 0 0 0 0 0 0 0 150 -150 
5.575 2.93006 1.12616 0.0614323 2.18489 1.42245 -123.054 769 -123 -0.0493879 -0.000800717 0.997468 0 0 0 0 0 0 0 0 0 150 -150 
5.64 2.93014 1.12602 0.0614327 1.96475 1.64825 -129.945 769 -130 -0.0394806 0.000803809 0.997505 0 0 0 0 0 0 0 0 0 150 -150 
5.705 2.93007 1.1259 0.0614359 1.73998 1.85041 -136.77 769 -136 -0.0312609 0.000782909 1.0007 0 0 0 0 0 0 0 0 0 150 -150 
5.77 2.92988 1.12586 0.0614373 1.52219 2.07386 -143.648 769 -143 -0.0363854 -0.00144306 0.999759 0 0 0 0 0 0 0 0 0 150 -150 
5.835 2.9299 1.12581 0.0614342 1.20576 2.15969 -150.823 769 -150 -0.0430193 -0.00344203 0.99926 0 0 0 0 0 0 0 0 0 150 -150 
5.9 2.92985 1.12559 0.0614326 0.953874 2.34217 -157.832 770 -157 -0.038004 -0.00066036 0.996308 0 0 0 0 0 0 0 0 0 150 -150 
5.965 2.92972 1.12543 0.0614405 0.66184 2.4579 -164.906 770 -164 -0.0244288 0.0040899 0.997756 0 0 0 0 0 0 0 0 0 150 -150 
6.03 2.92962 1.12509 0.0614348 0.357088 2.51484 -171.899 770 -171 -0.0211757 -0.00140268 0.996471 0 0 0 0 0 0 0 0 0 150 -150 
6.095 2.92948 1.12457 0.0614374 0.0370932 2.63887 -179.127 771 -179 -0.0211492 -0.00150756 0.993763 0 0 0 0 0 0 0 0 0 150 -150 
6.155 2.92933 1.12377 0.0614331 -0.26034 2.59214 174.295 771 175 -0.0266181 4.24276e-005 0.993979 0 0 0 0 0 0 0 0 0 150 -150 
6.22 2.92917 1.12307 0.0614316 -0.610613 2.70001 167.297 772 168 -0.0316616 0.000941136 0.993853 0 0 0 0 0 0 0 0 0 150 -150 
6.28 2.92895 1.12267 0.0614364 -0.878908 2.51682 160.837 773 161 -0.0346673 0.00346771 0.997707 0 0 0 0 0 0 0 0 0 150 -150 
6.345 2.92877 1.12208 0.0614326 -1.17016 2.37006 153.764 773 154 -0.0370719 0.00548897 1.00079 0 0 0 0 0 0 0 0 0 150 -150 
6.41 2.92851 1.12164 0.0614383 -1.4879 2.26446 146.776 774 147 -0.0389956 0.00710598 1.00326 0 0 0 0 0 0 0 0 0 150 -150 
6.475 2.92839 1.12163 0.0614389 -1.67465 1.98612 139.881 774 140 -0.0458389 0.00648387 1.00186 0 0 0 0 0 0 0 0 0 150 -150 
6.54 2.9283 1.12175 0.0614339 -1.85089 1.72368 133.008 774 133 -0.0417413 0.00537561 0.998183 0 0 0 0 0 0 0 0 0 150 -150 
6.605 2.92822 1.12179 0.0614376 -2.04773 1.48952 126.088 774 127 -0.0365725 0.00414978 1.00145 0 0 0 0 0 0 0 0 0 150 -150 
6.67 2.92785 1.12169 0.0614376 -2.20819 1.22316 119.047 775 119 -0.0324375 0.00316911 1.00406 0 0 0 0 0 0 0 0 0 150 -150 
6.735 2.92769 1.1218 0.0614388 -2.38782 0.969889 112.202 775 113 -0.0437175 0.00120218 1.00394 0 0 0 0 0 0 0 0 0 150 -150 
6.8 2.92783 1.12191 0.0614346 -2.43554 0.663148 105.22 775 106 -0.0527414 -0.000371363 1.00384 0 0 0 0 0 0 0 0 0 150 -150 
6.865 2.92732 1.12204 0.0614359 -2.5184 0.361317 98.1632 775 99 -0.0465233 0.000376139 1.00301 0 0 0 0 0 0 0 0 0 150 -150 
6.925 2.92635 1.1222 0.0614367 -2.61536 0.0644983 91.4278 776 92 -0.0532524 -0.00233419 0.999989 0 0 0 0 0 0 0 0 0 150 -150 
6.99 2.92507 1.12237 0.061436 -2.66985 -0.278418 84.0318 778 85 -0.0586357 -0.00450244 0.99757 0 0 0 0 0 0 0 0 0 150 -150 
7.05 2.92399 1.1225 0.0614324 -2.66602 -0.601489 77.3103 779 78 -0.0536593 -0.00284471 0.997252 0 0 0 0 0 0 0 0 0 150 -150 
7.115 2.92322 1.12275 0.061431 -2.65706 -0.956139 70.2556 780 71 -0.0655345 -0.00421769 0.998246 0 0 0 0 0 0 0 0 0 150 -150 
7.175 2.92294 1.12283 0.0614281 -2.40741 -1.18515 63.8151 780 64 -0.0750346 -0.00531608 0.999041 0 0 0 0 0 0 0 0 0 150 -150 
7.24 2.92302 1.12299 0.0614361 -2.20377 -1.4338 57.0192 780 57 -0.0652677 -0.0118386 1.00319 0 0 0 0 0 0 0 0 0 150 -150 
7.305 2.92311 1.1231 0.0614366 -1.97917 -1.64974 50.2262 780 51 -0.0574542 -0.0170566 1.00651 0 0 0 0 0 0 0 0 0 150 -150 
7.37 2.92318 1.12324 0.061434 -1.7272 -1.83001 43.3855 780 44 -0.0545785 -0.0152966 1.00663 0 0 0 0 0 0 0 0 0 150 -150 
7.435 2.92296 1.1236 0.0614351 -1.49019 -2.02739 36.3758 781 37 -0.0541099 -0.0129259 1.00876 0 0 0 0 0 0 0 0 0 150 -150 
7.5 2.92294 1.12397 0.0614377 -1.25027 -2.21237 29.4936 781 30 -0.053735 -0.0110292 1.01047 0 0 0 0 0 0 0 0 0 150 -150 
7.565 2.92296 1.12432 0.0614384 -0.962925 -2.31268 22.5946 782 23 -0.0401372 -0.0121812 1.00967 0 0 0 0 0 0 0 0 0 150 -150 
7.63 2.92293 1.12514 0.061438 -0.686366 -2.48298 15.4831 782 16 -0.0292589 -0.0131027 1.00903 0 0 0 0 0 0 0 0 0 150 -150 
7.695 2.92294 1.12625 0.0614318 -0.366866 -2.55361 8.21986 783 9 -0.0335372 -0.0117646 1.00956 0 0 0 0 0 0 0 0 0 150 -150 
7.76 2.92311 1.12741 0.0614389 -0.0385412 -2.65787 0.805863 785 1 -0.0545977 -0.0143371 1.0081 0 0 0 0 0 0 0 0 0 150 -150 
7.82 2.92328 1.12855 0.0614342 0.280818 -2.68125 -5.94668 786 -5 -0.0533055 -0.0128136 1.0059 0 0 0 0 0 0 0 0 0 150 -150 
7.885 2.9235 1.12948 0.0614388 0.624526 -2.66385 -13.1155 787 -13 -0.0520772 -0.0155229 1.00691 0 0 0 0 0 0 0 0 0 150 -150 
7.945 2.92374 1.13036 0.0614294 0.93459 -2.59216 -19.7517 788 -19 -0.0548188 -0.015316 1.01028 0 0 0 0 0 0 0 0 0 150 -150 
8.01 2.92406 1.1315 0.0614268 1.26253 -2.47526 -27.0345 789 -27 -0.0553149 -0.00674861 1.00514 0 0 0 0 0 0 0 0 0 150 -150 
8.075 2.92435 1.13237 0.061432 1.49679 -2.18849 -34.2945 790 -34 -0.0531306 -0.00424168 1.00306 0 0 0 0 0 0 0 0 0 150 -150 
8.135 2.9249 1.13313 0.0614336 1.70196 -1.95366 -41.0099 791 -41 -0.0482871 -0.00637861 1.00502 0 0 0 0 0 0 0 0 0 150 -150 
8.2 2.92593 1.13402 0.0614361 1.97178 -1.7491 -48.3292 792 -48 -0.0489324 -0.00489802 1.00376 0 0 0 0 0 0 0 0 0 150 -150 
8.26 2.92676 1.1345 0.0614381 2.12779 -1.48113 -55.1005 793 -55 -0.0417422 -0.00627078 1.00245 0 0 0 0 0 0 0 0 0 150 -150 
8.325 2.92731 1.13469 0.0614355 2.3052 -1.20945 -62.2985 794 -62 -0.03599 -0.00736898 1.00141 0 0 0 0 0 0 0 0 0 150 -150 
8.385 2.92779 1.13474 0.0614298 2.3512 -0.91011 -68.82 794 -68 -0.0417117 -0.00390158 1.0007 0 0 0 0 0 0 0 0 0 150 -150 
8.45 2.92849 1.1347 0.061436 2.513 -0.629409 -75.9017 795 -75 -0.0462891 -0.00112767 1.00014 0 0 0 0 0 0 0 0 0 150 -150 
8.51 2.92925 1.13458 0.0614361 2.58636 -0.337767 -82.5063 796 -82 -0.0456973 -0.00717315 0.99915 0 0 0 0 0 0 0 0 0 150 -150 
8.575 2.92984 1.13441 0.0614261 2.6142 -0.00757221 -89.8464 796 -89 -0.045224 -0.0120095 0.998361 0 0 0 0 0 0 0 0 0 150 -150 
8.635 2.93015 1.13424 0.0614341 2.67309 0.312361 -96.6513 797 -96 -0.0445202 -0.0116384 0.997739 0 0 0 0 0 0 0 0 0 150 -150 
8.7 2.93103 1.13404 0.06144 2.56467 0.638578 -103.924 797 -103 -0.0391353 -0.00586376 0.995309 0 0 0 0 0 0 0 0 0 150 -150 
8.76 2.93185 1.13384 0.0614411 2.66256 0.993894 -110.438 798 -110 -0.0348274 -0.00124409 0.993365 0 0 0 0 0 0 0 0 0 150 -150 
8.825 2.93197 1.13371 0.0614353 2.43962 1.2622 -117.302 799 -117 -0.035332 -0.00148447 0.995311 0 0 0 0 0 0 0 0 0 150 -150 
8.885 2.93179 1.13364 0.0614336 2.12699 1.41281 -123.561 799 -123 -0.0357357 -0.00167678 0.996867 0 0 0 0 0 0 0 0 0 150 -150 
8.95 2.93178 1.13349 0.0614387 1.93845 1.65021 -130.445 799 -130 -0.0380955 0.00138885 0.993554 0 0 0 0 0 0 0 0 0 150 -150 
9.01 2.93194 1.13324 0.0614343 1.7603 1.87937 -136.84 799 -136 -0.0315778 0.00141337 0.992735 0 0 0 0 0 0 0 0 0 150 -150 
9.075 2.93215 1.13277 0.0614338 1.49911 2.06658 -144.012 800 -144 -0.0306911 -0.000156194 0.992529 0 0 0 0 0 0 0 0 0 150 -150 
9.135 2.9325 1.13198 0.0614339 1.22357 2.19075 -150.791 801 -150 -0.034542 -0.000319178 0.993658 0 0 0 0 0 0 0 0 0 150 -150 
9.2 2.93261 1.13121 0.0614358 0.99247 2.43345 -157.811 801 -157 -0.0397106 -0.000877031 0.994561 0 0 0 0 0 0 0 0 0 150 -150 
9.26 2.93252 1.13102 0.0614372 0.70613 2.48358 -164.112 802 -164 -0.0438455 -0.00132331 0.995282 0 0 0 0 0 0 0 0 0 150 -150 
9.325 2.93236 1.13098 0.0614328 0.398103 2.51395 -170.958 802 -171 -0.0574335 -0.00701754 0.993597 0 0 0 0 0 0 0 0 0 150 -150 
9.385 2.93222 1.13077 0.0614375 0.121409 2.59471 -177.312 802 -177 -0.0683038 -0.0115729 0.992249 0 0 0 0 0 0 0 0 0 150 -150 
9.45 2.93206 1.13024 0.0614333 -0.201415 2.67913 175.735 802 176 -0.0608209 -0.0103577 0.996977 0 0 0 0 0 0 0 0 0 150 -150 
9.51 2.93192 1.12996 0.0614302 -0.504846 2.70114 169.427 803 170 -0.0548346 -0.00938548 1.00076 0 0 0 0 0 0 0 0 0 150 -150 
9.575 2.93175 1.12979 0.0614357 -0.802979 2.55136 162.558 803 163 -0.0481696 -0.00866904 1.00514 0 0 0 0 0 0 0 0 0 150 -150 
9.635 2.93157 1.12966 0.0614326 -1.07785 2.43785 156.235 803 157 -0.0411352 -0.0152442 1.00912 0 0 0 0 0 0 0 0 0 150 -150 
9.7 2.93148 1.12959 0.0614375 -1.339 2.25581 149.348 803 150 -0.0375929 -0.00712146 0.999724 0 0 0 0 0 0 0 0 0 150 -150 
9.76 2.9314 1.12962 0.0614388 -1.52738 2.02504 142.982 803 143 -0.0441259 -0.00175196 0.998313 0 0 0 0 0 0 0 0 0 150 -150 
9.825 2.93119 1.12961 0.0614383 -1.76817 1.84126 136.178 804 137 -0.0493522 0.00254363 0.997185 0 0 0 0 0 0 0 0 0 150 -150 
9.885 2.93106 1.12962 0.061445 -1.96538 1.63643 129.846 804 130 -0.0400777 0.00517271 0.994723 0 0 0 0 0 0 0 0 0 150 -150 
9.95 2.93088 1.1297 0.0614381 -2.11998 1.37166 122.962 804 123 -0.0328506 0.00792043 0.993373 0 0 0 0 0 0 0 0 0 150 -150 
10.01 2.93054 1.12969 0.061435 -2.29817 1.14835 116.597 804 117 -0.0194124 0.0103846 0.993919 0 0 0 0 0 0 0 0 0 150 -150 
