1.005 4.99592 2.50231 0.0614176 -1.39119 -1.39598 44.8619 0 0 -0.00666132 -0.000336394 0.99795 0 0 0 0 0 0 0 0 0 0 0 
1.07 4.9959 2.50233 0.0614177 -1.38985 -1.39465 44.8575 0 0 -0.0119934 -5.34529e-005 0.997891 0 0 0 0 0 0 0 0 0 0 0 
1.13 4.99586 2.50234 0.0614195 -1.39391 -1.39923 44.8558 0 0 -0.0172938 0.000535595 0.99917 0 0 0 0 0 0 0 0 0 200 200 
1.195 4.98928 2.5089 0.0613977 -0.385357 -0.386055 44.8803 9 0 -0.0215342 0.00100683 1.00019 0 0 0 0 0 0 0 0 0 -200 -200 
1.255 4.98263 2.51546 0.061476 -2.04144 -2.04391 44.9032 19 0 -0.0875806 0.00472397 1.03207 0 0 0 0 0 0 0 0 0 -200 -200 
1.32 4.98327 2.51457 0.0614306 -1.54622 -1.53702 45.128 20 0 -0.138907 0.00390425 1.01983 0 0 0 0 0 0 0 0 0 -200 -200 
1.38 4.99178 2.5059 0.0614446 -1.67235 -1.65072 45.3609 32 0 -0.179967 0.00324847 1.01004 0 0 0 0 0 0 0 0 0 -200 -200 
1.445 5.0067 2.49111 0.0614139 -1.32325 -1.3004 45.4241 53 1 -0.15798 0.00237167 1.00433 0 0 0 0 0 0 0 0 0 -200 -200 
1.505 5.02025 2.47777 0.0614163 -1.38818 -1.36503 45.4215 72 1 -0.140391 0.00167023 0.999758 0 0 0 0 0 0 0 0 0 -200 -200 
1.57 5.0349 2.46333 0.0614208 -1.42597 -1.40277 45.4195 92 1 -0.121839 0.00339623 0.999889 0 0 0 0 0 0 0 0 0 -200 -200 
1.63 5.04854 2.4499 0.0614175 -1.3852 -1.36297 45.4212 112 1 -0.101974 -0.00119507 0.999725 0 0 0 0 0 0 0 0 0 -200 -200 
1.695 5.06323 2.43544 0.0614192 -1.42137 -1.40004 45.4175 132 1 -0.0860819 -0.00486811 0.999594 0 0 0 0 0 0 0 0 0 -200 -200 
1.755 5.07685 2.42205 0.0614166 -1.39609 -1.37307 45.4176 151 1 -0.074817 -0.000212013 0.999622 0 0 0 0 0 0 0 0 0 -200 -200 
1.82 5.09155 2.40756 0.0614181 -1.4096 -1.38865 45.4162 172 1 -0.0654488 0.000796885 0.999176 0 0 0 0 0 0 0 0 0 -200 -200 
1.88 5.10514 2.39418 0.061421 -1.40486 -1.38217 45.416 191 1 -0.0579542 0.001604 0.99882 0 0 0 0 0 0 0 0 0 -200 -200 
1.945 5.11984 2.37967 0.0614186 -1.40727 -1.38489 45.4141 212 1 -0.051592 -0.000365258 1.00029 0 0 0 0 0 0 0 0 0 -200 -200 
2.01 5.13457 2.36518 0.0614207 -1.40645 -1.38612 45.416 232 1 -0.0487257 -0.00406334 0.999471 0 0 0 0 0 0 0 0 0 -200 -200 
2.075 5.14929 2.35065 0.0614181 -1.40512 -1.38368 45.4179 253 1 -0.0464327 -0.00702181 0.998818 0 0 0 0 0 0 0 0 0 -200 -200 
2.14 5.16401 2.33618 0.0614201 -1.41037 -1.38865 45.4181 274 1 -0.0444589 -0.0122883 0.999658 0 0 0 0 0 0 0 0 0 -200 -200 
2.2 5.17761 2.3228 0.0614185 -1.40933 -1.38686 45.4207 293 1 -0.0427211 -0.0129255 1.00164 0 0 0 0 0 0 0 0 0 -200 -200 
2.265 5.19231 2.3083 0.0614187 -1.4079 -1.38612 45.4207 313 1 -0.0413309 -0.0134353 1.00323 0 0 0 0 0 0 0 0 0 -200 -200 
2.325 5.2059 2.29491 0.0614196 -1.40928 -1.38689 45.4193 332 1 -0.0382413 -0.00664779 0.999948 0 0 0 0 0 0 0 0 0 -200 -200 
2.39 5.22062 2.28042 0.061418 -1.41141 -1.39015 45.4204 353 1 -0.0357697 -0.0012178 0.997321 0 0 0 0 0 0 0 0 0 -200 -200 
2.45 5.2342 2.26703 0.0614185 -1.41216 -1.38915 45.4236 372 1 -0.0354149 -0.000773855 0.997046 0 0 0 0 0 0 0 0 0 -200 -200 
2.515 5.24893 2.25252 0.0614178 -1.39983 -1.37847 45.4213 393 1 -0.0351311 -0.0004187 0.996826 0 0 0 0 0 0 0 0 0 -200 -200 
2.575 5.26252 2.23915 0.0614175 -1.40574 -1.38192 45.4195 412 1 -0.0336789 -7.91979e-005 0.996645 0 0 0 0 0 0 0 0 0 -200 -200 
2.64 5.27723 2.22466 0.0614194 -1.41423 -1.39101 45.4176 433 1 -0.0333828 0.000732006 0.996509 0 0 0 0 0 0 0 0 0 -200 -200 
2.7 5.29081 2.21128 0.0614166 -1.41342 -1.39123 45.4192 452 1 -0.0345261 -0.00128251 0.998969 0 0 0 0 0 0 0 0 0 -200 -200 
2.765 5.30553 2.19679 0.0614184 -1.41851 -1.39694 45.4203 472 1 -0.0354408 -0.00289413 1.00094 0 0 0 0 0 0 0 0 0 -200 -200 
2.825 5.31915 2.18339 0.0614156 -1.39004 -1.36857 45.422 491 1 -0.0361725 -0.00418342 1.00251 0 0 0 0 0 0 0 0 0 -200 -200 
2.89 5.33384 2.16892 0.0614184 -1.4106 -1.38861 45.4207 512 1 -0.0336193 -0.00394708 0.999641 0 0 0 0 0 0 0 0 0 100 -100 
2.95 5.34235 2.16054 0.0614014 -0.688577 -0.687321 45.0631 524 0 0.0133746 -0.00127933 0.992355 0 0 0 0 0 0 0 0 0 100 -100 
3.015 5.34431 2.15837 0.061399 -0.77584 -0.867812 41.6359 527 -3 0.0509697 0.000854878 0.986526 0 0 0 0 0 0 0 0 0 100 -100 
3.075 5.34363 2.1593 0.0614368 -1.37111 -1.8062 37.1494 528 -8 0.0308644 0.00210359 0.978945 0 0 0 0 0 0 0 0 0 100 -100 
3.14 5.34345 2.15972 0.0614169 -1.2081 -1.90215 32.4119 529 -12 0.0147802 0.00310257 0.97288 0 0 0 0 0 0 0 0 0 100 -100 
3.205 5.34346 2.15989 0.0614158 -1.07252 -2.03242 27.8258 529 -17 -0.00197925 0.00128292 0.979632 0 0 0 0 0 0 0 0 0 100 -100 
3.27 5.3435 2.16004 0.0614127 -0.936639 -2.18511 23.2287 529 -22 -0.015449 -0.000731188 0.988587 0 0 0 0 0 0 0 0 0 100 -100 
3.335 5.34357 2.16016 0.0614136 -0.766877 -2.28053 18.6326 529 -26 -0.0262247 -0.00234247 0.995751 0 0 0 0 0 0 0 0 0 100 -100 
3.4 5.34364 2.16025 0.061417 -0.599897 -2.4051 14.0364 529 -31 -0.0320777 -0.000501993 0.99856 0 0 0 0 0 0 0 0 0 100 -100 
3.46 5.34372 2.16037 0.0614118 -0.430083 -2.4992 9.81701 529 -35 -0.0318693 -0.0050893 0.999132 0 0 0 0 0 0 0 0 0 100 -100 
3.525 5.34383 2.16055 0.061409 -0.229892 -2.51549 5.20857 529 -40 -0.0317026 -0.00875914 0.99959 0 0 0 0 0 0 0 0 0 100 -100 
3.585 5.34392 2.16076 0.0614113 -0.042863 -2.6168 0.981693 530 -44 -0.035827 -0.00772715 0.997339 0 0 0 0 0 0 0 0 0 100 -100 
3.65 5.34405 2.1609 0.0614143 0.165575 -2.61751 -3.5956 530 -48 -0.0339315 -0.00814121 0.996939 0 0 0 0 0 0 0 0 0 100 -100 
3.715 5.34415 2.16103 0.0614085 0.382775 -2.66271 -8.15336 530 -53 -0.0324151 -0.00847245 0.99662 0 0 0 0 0 0 0 0 0 100 -100 
3.78 5.34425 2.16114 0.061407 0.598224 -2.64064 -12.7282 530 -58 -0.0363646 -0.00880956 0.998488 0 0 0 0 0 0 0 0 0 100 -100 
3.845 5.34436 2.1613 0.0614046 0.781988 -2.49067 -17.3977 530 -62 -0.0327921 -0.00924376 1.0022 0 0 0 0 0 0 0 0 0 100 -100 
3.91 5.34452 2.16153 0.0614131 1.02847 -2.54142 -21.9946 531 -67 -0.029934 -0.00959112 1.00517 0 0 0 0 0 0 0 0 0 100 -100 
3.97 5.34461 2.16168 0.0614055 1.16564 -2.34974 -26.3396 531 -71 -0.0309343 -0.00912374 0.99995 0 0 0 0 0 0 0 0 0 100 -100 
4.035 5.34473 2.16174 0.0614075 1.35396 -2.25559 -30.9312 531 -76 -0.0357256 -0.00486222 1.00176 0 0 0 0 0 0 0 0 0 100 -100 
4.1 5.34481 2.16173 0.0614113 1.49417 -2.09115 -35.5089 531 -80 -0.0395586 -0.00145301 1.00321 0 0 0 0 0 0 0 0 0 100 -100 
4.165 5.34491 2.16169 0.0614124 1.64179 -1.94882 -40.0759 531 -85 -0.0407968 0.00073688 1.00193 0 0 0 0 0 0 0 0 0 100 -100 
4.23 5.3451 2.16173 0.0614103 1.79459 -1.81183 -44.674 531 -90 -0.0431794 3.19038e-005 1.00062 0 0 0 0 0 0 0 0 0 200 200 
4.295 5.35119 2.16743 0.0613974 0.850093 -0.753377 -48.562 540 -93 -0.0450856 -0.000532077 0.99958 0 0 0 0 0 0 0 0 0 200 200 
4.36 5.36542 2.17976 0.0614051 0.490202 -0.426751 -49.1579 558 -94 -0.0217634 -0.00118 0.999986 0 0 0 0 0 0 0 0 0 200 200 
4.425 5.38307 2.195 0.0613947 2.37166 -2.05418 -49.1191 582 -94 -0.00310568 -0.00169834 1.00031 0 0 0 0 0 0 0 0 0 200 200 
4.485 5.39929 2.20901 0.0613845 3.95244 -3.42603 -49.0439 603 -94 -0.0209222 -0.000375775 1.00236 0 0 0 0 0 0 0 0 0 200 200 
4.55 5.4137 2.22145 0.0613915 2.74868 -2.3809 -49.1055 622 -94 -0.0656995 -0.00335258 0.991263 0 0 0 0 0 0 0 0 0 200 200 
4.61 5.42708 2.23304 0.0613788 1.78314 -1.5422 -49.1359 640 -94 -0.101521 -0.00573403 0.982387 0 0 0 0 0 0 0 0 0 200 200 
4.675 5.44369 2.2474 0.0614021 2.67299 -2.31429 -49.1042 662 -94 -0.070429 -0.0031789 0.987412 0 0 0 0 0 0 0 0 0 200 200 
4.74 5.45986 2.26138 0.0613978 3.10949 -2.69616 -49.0799 683 -94 -0.0786363 -0.00526222 0.986359 0 0 0 0 0 0 0 0 0 200 200 
4.805 5.47487 2.27438 0.061394 2.50168 -2.16494 -49.1047 703 -94 -0.0852021 -0.00692887 0.985516 0 0 0 0 0 0 0 0 0 200 200 
4.87 5.49031 2.28775 0.061394 2.32212 -2.01098 -49.1076 724 -94 -0.0768375 -0.00706319 0.988703 0 0 0 0 0 0 0 0 0 200 200 
4.935 5.50643 2.30169 0.061402 2.73249 -2.36803 -49.0914 745 -94 -0.0693967 -0.00634182 0.991491 0 0 0 0 0 0 0 0 0 200 200 
5 5.52209 2.31524 0.0614003 2.7146 -2.35018 -49.0939 766 -94 -0.0634441 -0.00576471 0.993722 0 0 0 0 0 0 0 0 0 200 200 
5.065 5.53752 2.32857 0.0613966 2.49518 -2.16214 -49.1064 786 -94 -0.0630785 -0.00477831 0.992689 0 0 0 0 0 0 0 0 0 200 200 
5.13 5.55322 2.34213 0.0613937 2.52218 -2.18434 -49.104 807 -94 -0.0573296 -0.00998493 0.996125 0 0 0 0 0 0 0 0 0 200 200 
5.195 5.56903 2.35581 0.0613993 2.65738 -2.30062 -49.1061 828 -94 -0.0527306 -0.0141502 0.998874 0 0 0 0 0 0 0 0 0 200 200 
5.255 5.58347 2.36831 0.0613978 2.63522 -2.27924 -49.1093 847 -94 -0.0579127 -0.0105762 0.998067 0 0 0 0 0 0 0 0 0 200 200 
5.32 5.59907 2.38177 0.0613978 2.5478 -2.20549 -49.116 867 -94 -0.059399 -0.0056404 0.99556 0 0 0 0 0 0 0 0 0 200 200 
5.38 5.61359 2.39426 0.0613976 2.57167 -2.22454 -49.1163 886 -94 -0.0605879 -0.00169174 0.993555 0 0 0 0 0 0 0 0 0 200 200 
5.445 5.62932 2.40784 0.0614006 2.62526 -2.27016 -49.1181 907 -94 -0.0590005 0.000767049 0.994747 0 0 0 0 0 0 0 0 0 200 200 
5.505 5.64374 2.42031 0.0614011 2.57304 -2.2291 -49.12 926 -94 -0.0577306 0.00273408 0.995701 0 0 0 0 0 0 0 0 0 200 200 
5.57 5.65942 2.43384 0.0613983 2.58357 -2.2358 -49.1207 947 -94 -0.0566542 0.00262305 0.996359 0 0 0 0 0 0 0 0 0 200 200 
5.635 5.67511 2.44741 0.0613987 2.59856 -2.24828 -49.118 968 -94 -0.058227 4.26963e-005 0.995901 0 0 0 0 0 0 0 0 0 200 200 
5.7 5.69076 2.46093 0.0613978 2.57857 -2.23056 -49.1196 988 -94 -0.0594853 -0.00202158 0.995535 0 0 0 0 0 0 0 0 0 200 200 
5.765 5.70643 2.47448 0.061398 2.57815 -2.23091 -49.1126 1009 -94 -0.060889 -0.00288582 0.993586 0 0 0 0 0 0 0 0 0 200 200 
5.83 5.72215 2.48805 0.0613994 2.61804 -2.264 -49.1077 1030 -94 -0.0615843 -0.00736464 0.995636 0 0 0 0 0 0 0 0 0 200 200 
5.895 5.73779 2.50158 0.0613971 2.58631 -2.23876 -49.1054 1051 -94 -0.0621075 -0.0067683 0.996736 0 0 0 0 0 0 0 0 0 -100 100 
5.96 5.7491 2.51101 0.0614016 3.54125 -3.0857 -48.8915 1065 -94 -0.062526 -0.00629123 0.997616 0 0 0 0 0 0 0 0 0 -100 100 
6.025 5.75438 2.51544 0.061399 3.27231 -3.01404 -47.334 1072 -92 -0.0978437 -0.00533701 0.998275 0 0 0 0 0 0 0 0 0 -100 100 
6.09 5.75527 2.51569 0.0613977 2.25413 -2.376 -43.4883 1073 -88 -0.125514 -0.00680807 0.995059 0 0 0 0 0 0 0 0 0 -100 100 
6.15 5.755 2.51552 0.0613934 1.93967 -2.37692 -39.258 1073 -84 -0.10034 -0.00379839 0.994277 0 0 0 0 0 0 0 0 0 -100 100 
6.215 5.75517 2.51596 0.0614034 1.9512 -2.8268 -34.6714 1074 -80 -0.0802013 -0.00139064 0.993652 0 0 0 0 0 0 0 0 0 -100 100 
6.275 5.75502 2.51593 0.0614082 1.59218 -2.71854 -30.4179 1074 -75 -0.0761192 0.00266072 0.99514 0 0 0 0 0 0 0 0 0 -100 100 
6.34 5.75465 2.51542 0.0614077 1.13223 -2.34248 -25.8215 1075 -71 -0.0725581 0.00120126 0.992481 0 0 0 0 0 0 0 0 0 -100 100 
6.405 5.75458 2.51518 0.0614106 0.964013 -2.50845 -21.1052 1075 -66 -0.0697092 3.3704e-005 0.990353 0 0 0 0 0 0 0 0 0 -100 100 
6.47 5.7545 2.51521 0.0614116 0.745801 -2.52767 -16.5156 1075 -61 -0.0608156 0.0014802 0.990108 0 0 0 0 0 0 0 0 0 -100 100 
6.535 5.75442 2.51539 0.0614049 0.525214 -2.5139 -11.8621 1075 -57 -0.052853 0.00165464 0.990335 0 0 0 0 0 0 0 0 0 -100 100 
6.6 5.75435 2.51573 0.0614085 0.319854 -2.56273 -7.18639 1076 -52 -0.046483 0.00179419 0.990517 0 0 0 0 0 0 0 0 0 -100 100 
6.665 5.75426 2.51608 0.061412 0.112582 -2.63707 -2.52916 1076 -47 -0.0532114 0.000827803 0.991146 0 0 0 0 0 0 0 0 0 -100 100 
6.73 5.75415 2.51639 0.0614091 -0.100042 -2.63717 2.11412 1076 -43 -0.0585941 5.46965e-005 0.991649 0 0 0 0 0 0 0 0 0 -100 100 
6.795 5.75405 2.51668 0.0614115 -0.318631 -2.67487 6.72975 1077 -38 -0.0573877 0.000484491 0.994065 0 0 0 0 0 0 0 0 0 -100 100 
6.86 5.75395 2.51679 0.061412 -0.53551 -2.65722 11.3187 1077 -34 -0.0539745 0.00183591 0.995783 0 0 0 0 0 0 0 0 0 -100 100 
6.92 5.75385 2.51686 0.0614037 -0.727509 -2.5985 15.5302 1077 -29 -0.0512439 0.00291705 0.997157 0 0 0 0 0 0 0 0 0 -100 100 
6.985 5.75377 2.51694 0.061404 -0.942324 -2.56102 20.0939 1077 -25 -0.0462335 0.00108191 0.996513 0 0 0 0 0 0 0 0 0 -100 100 
7.045 5.75368 2.51703 0.0614069 -1.09472 -2.40651 24.3728 1077 -21 -0.0422252 -0.000386201 0.995997 0 0 0 0 0 0 0 0 0 -100 100 
7.11 5.75362 2.51703 0.0614049 -1.24673 -2.2415 28.9912 1077 -16 -0.0400173 0.00136492 0.99659 0 0 0 0 0 0 0 0 0 -100 100 
7.17 5.75348 2.51715 0.0614087 -1.47095 -2.23897 33.1994 1077 -12 -0.0382509 0.00276582 0.997063 0 0 0 0 0 0 0 0 0 -100 100 
7.235 5.75345 2.51711 0.0614159 -1.57749 -2.02649 37.7784 1077 -7 -0.0425711 0.00204544 0.99593 0 0 0 0 0 0 0 0 0 -100 100 
7.3 5.75338 2.51704 0.0614085 -1.67224 -1.8271 42.3891 1077 -3 -0.0481742 -0.00238074 0.993492 0 0 0 0 0 0 0 0 0 200 200 
7.365 5.74734 2.52298 0.0613957 -0.853955 -0.816773 46.3013 1086 1 -0.0526567 -0.00592169 0.991542 0 0 0 0 0 0 0 0 0 200 200 
7.43 5.73353 2.53594 0.0614024 -0.578595 -0.54026 46.9001 1105 2 -0.0243824 -0.00632009 0.992384 0 0 0 0 0 0 0 0 0 200 200 
7.495 5.71646 2.5519 0.0614054 -2.42084 -2.26666 46.8572 1128 2 -0.00662836 -0.00405741 0.992841 0 0 0 0 0 0 0 0 0 200 200 
7.56 5.69976 2.56753 0.0613788 -3.84091 -3.60286 46.7821 1151 2 0.00757485 -0.00224727 0.993207 0 0 0 0 0 0 0 0 0 200 200 
7.625 5.68566 2.58071 0.0614048 -2.83191 -2.65144 46.8399 1170 2 -0.0294491 -0.00259189 0.996615 0 0 0 0 0 0 0 0 0 200 200 
7.69 5.67175 2.5937 0.0613828 -1.74064 -1.6282 46.8828 1189 2 -0.0130348 -0.00122699 0.99443 0 0 0 0 0 0 0 0 0 200 200 
7.755 5.65576 2.60866 0.0613994 -2.5483 -2.38438 46.8554 1211 2 9.66021e-005 -0.000135065 0.992682 0 0 0 0 0 0 0 0 0 200 200 
7.815 5.64133 2.62215 0.0613966 -2.95967 -2.7724 46.8406 1231 2 -0.019491 0.00156015 0.992761 0 0 0 0 0 0 0 0 0 200 200 
7.88 5.62675 2.63584 0.0613984 -2.45669 -2.29821 46.8569 1251 2 -0.035161 0.00291632 0.992824 0 0 0 0 0 0 0 0 0 200 200 
7.94 5.61307 2.64863 0.0613919 -2.20399 -2.06177 46.8693 1270 2 -0.0364571 0.0053337 0.9945 0 0 0 0 0 0 0 0 0 200 200 
8.005 5.59754 2.66318 0.0613978 -2.59375 -2.42946 46.8544 1291 2 -0.0367684 0.00541347 0.997147 0 0 0 0 0 0 0 0 0 200 200 
8.07 5.58232 2.67739 0.061403 -2.64964 -2.4808 46.8466 1312 2 -0.0370174 0.00547728 0.999264 0 0 0 0 0 0 0 0 0 200 200 
8.13 5.56865 2.69019 0.0613971 -2.37912 -2.22677 46.8602 1330 2 -0.0374491 0.00721621 1.00192 0 0 0 0 0 0 0 0 0 200 200 
8.195 5.55348 2.7044 0.0613968 -2.42698 -2.27142 46.8559 1351 2 -0.0377945 0.00860735 1.00404 0 0 0 0 0 0 0 0 0 200 200 
8.255 5.53939 2.7176 0.0614019 -2.5567 -2.39242 46.8534 1370 2 -0.0404646 0.00475636 1.00459 0 0 0 0 0 0 0 0 0 200 200 
8.32 5.5243 2.73169 0.0613961 -2.50684 -2.34817 46.8535 1391 2 -0.04407 0.000732807 1.00241 0 0 0 0 0 0 0 0 0 -200 -200 
8.38 5.51401 2.74115 0.0614086 -3.28765 -3.0814 46.8007 1405 2 -0.0469543 -0.00248604 1.00067 0 0 0 0 0 0 0 0 0 -200 -200 
8.445 5.51015 2.74436 0.0614016 -3.64295 -3.42374 46.6968 1410 2 -0.11268 -0.000387761 0.99707 0 0 0 0 0 0 0 0 0 -200 -200 
8.505 5.51287 2.741 0.061409 -3.13411 -2.95225 46.6656 1414 2 -0.16526 0.00129086 0.994191 0 0 0 0 0 0 0 0 0 -200 -200 
8.57 5.52309 2.73007 0.0614131 -2.9499 -2.78232 46.593 1429 2 -0.196757 0.00270404 0.994494 0 0 0 0 0 0 0 0 0 -200 -200 
8.63 5.53731 2.71658 0.0614002 -2.55525 -2.41397 46.6079 1449 2 -0.169772 0.00434501 0.994803 0 0 0 0 0 0 0 0 0 -200 -200 
8.695 5.55286 2.70197 0.0613943 -2.12024 -2.00011 46.6197 1470 2 -0.148184 0.00565778 0.995049 0 0 0 0 0 0 0 0 0 -200 -200 
8.755 5.5665 2.68911 0.0614041 -2.34544 -2.21022 46.6029 1489 2 -0.126618 0.00331274 0.994551 0 0 0 0 0 0 0 0 0 -200 -200 
8.82 5.58213 2.67442 0.0614143 -1.77702 -1.67348 46.6016 1511 2 -0.109365 0.00143671 0.994152 0 0 0 0 0 0 0 0 0 -200 -200 
8.88 5.59646 2.6609 0.0614063 -1.376 -1.29795 46.6096 1530 2 -0.0960787 0.000497348 0.997053 0 0 0 0 0 0 0 0 0 -200 -200 
8.945 5.61134 2.64685 0.0614257 -1.48762 -1.40268 46.611 1551 2 -0.0854744 -0.00239284 0.997235 0 0 0 0 0 0 0 0 0 -200 -200 
9.005 5.6253 2.63366 0.0614183 -1.39808 -1.31826 46.6163 1570 2 -0.0744729 -0.00294119 0.999011 0 0 0 0 0 0 0 0 0 -200 -200 
9.07 5.64028 2.61951 0.0614179 -1.4379 -1.35959 46.6154 1591 2 -0.0656718 -0.00337987 1.00043 0 0 0 0 0 0 0 0 0 -200 -200 
9.13 5.65415 2.60641 0.0614187 -1.43275 -1.35283 46.619 1610 2 -0.0600117 -0.00108512 0.999651 0 0 0 0 0 0 0 0 0 -200 -200 
9.195 5.66917 2.59222 0.0614178 -1.42888 -1.34905 46.6172 1630 2 -0.0554837 0.000750677 0.999026 0 0 0 0 0 0 0 0 0 -200 -200 
9.255 5.68304 2.57913 0.0614204 -1.43317 -1.35288 46.6179 1649 2 -0.0515204 0.000445178 0.999601 0 0 0 0 0 0 0 0 0 -200 -200 
9.32 5.69805 2.56494 0.0614196 -1.43964 -1.35907 46.6168 1670 2 -0.0504388 0.000202295 0.999695 0 0 0 0 0 0 0 0 0 -200 -200 
9.38 5.71192 2.55184 0.061417 -1.43457 -1.35389 46.6167 1689 2 -0.0495736 7.98898e-006 0.999771 0 0 0 0 0 0 0 0 0 -200 -200 
9.445 5.72694 2.53766 0.0614201 -1.43644 -1.35583 46.615 1710 2 -0.049209 0.00129796 1.00014 0 0 0 0 0 0 0 0 0 -200 -200 
9.505 5.7408 2.52457 0.0614193 -1.43803 -1.35436 46.614 1729 2 -0.0489174 0.00232994 1.00044 0 0 0 0 0 0 0 0 0 -200 -200 
9.57 5.75582 2.51036 0.0614181 -1.4226 -1.34167 46.613 1749 2 -0.0454863 0.00112875 0.998693 0 0 0 0 0 0 0 0 0 -200 -200 
9.63 5.76965 2.49727 0.0614177 -1.44215 -1.36127 46.6092 1769 2 -0.0427415 0.000167795 0.997295 0 0 0 0 0 0 0 0 0 -200 -200 
9.695 5.78468 2.48306 0.0614172 -1.4305 -1.35153 46.6097 1789 2 -0.0411 0.00336934 0.998376 0 0 0 0 0 0 0 0 0 -200 -200 
9.755 5.79852 2.46997 0.0614203 -1.43694 -1.35732 46.6129 1808 2 -0.0393936 0.00149349 0.997309 0 0 0 0 0 0 0 0 0 -200 -200 
9.82 5.81353 2.4558 0.0614186 -1.44945 -1.36903 46.6135 1829 2 -0.0380285 -7.18829e-006 0.996456 0 0 0 0 0 0 0 0 0 -200 -200 
9.88 5.82741 2.44268 0.0614171 -1.42667 -1.34606 46.6114 1848 2 -0.039021 -0.000107433 0.998299 0 0 0 0 0 0 0 0 0 -200 -200 
9.945 5.84242 2.42852 0.0614187 -1.44211 -1.36144 46.612 1869 2 -0.0398151 -0.000187629 0.999773 0 0 0 0 0 0 0 0 0 -200 -200 
10.005 5.85631 2.41542 0.0614157 -1.42961 -1.34943 46.6085 1888 2 -0.0398578 -0.000459135 1.00005 0 0 0 0 0 0 0 0 0 -200 -200 
10.07 5.87133 2.40124 0.061419 -1.43028 -1.34821 46.6107 1908 2 -0.0398919 -0.000676339 1.00027 0 0 0 0 0 0 0 0 0 100 -100 
10.13 5.88005 2.3931 0.0613975 -0.71798 -0.685507 46.2563 1920 1 0.0447143 -0.00268838 1.00209 0 0 0 0 0 0 0 0 0 100 -100 
10.195 5.88218 2.3909 0.0613971 -0.872453 -0.937901 42.7306 1923 -2 0.0776308 -0.00259559 1.00309 0 0 0 0 0 0 0 0 0 100 -100 
10.255 5.88167 2.39162 0.0614321 -1.37683 -1.75095 38.2206 1924 -7 0.0762251 -0.00359228 1.00126 0 0 0 0 0 0 0 0 0 100 -100 
10.32 5.88162 2.39189 0.0614155 -1.24393 -1.87265 33.5851 1925 -11 0.0479134 -0.00962815 1.00168 0 0 0 0 0 0 0 0 0 100 -100 
10.38 5.88162 2.39209 0.0614118 -1.14134 -2.03478 29.3367 1925 -16 0.0252641 -0.0144568 1.00201 0 0 0 0 0 0 0 0 0 100 -100 
10.445 5.88165 2.39234 0.0614116 -0.994 -2.15938 24.7183 1925 -20 0.0154166 -0.0103681 1.00476 0 0 0 0 0 0 0 0 0 100 -100 
10.505 5.88171 2.39247 0.0614124 -0.848083 -2.27018 20.4719 1925 -24 0.00121981 -0.00868233 1.00598 0 0 0 0 0 0 0 0 0 100 -100 
10.57 5.88175 2.39282 0.0614126 -0.667728 -2.36598 15.8031 1925 -29 -0.0101376 -0.00733369 1.00695 0 0 0 0 0 0 0 0 0 100 -100 
10.63 5.88183 2.39328 0.0614106 -0.491147 -2.43408 11.4375 1926 -33 -0.0196671 -0.00753796 1.00599 0 0 0 0 0 0 0 0 0 100 -100 
10.695 5.88192 2.39392 0.0614093 -0.295203 -2.52644 6.66557 1927 -38 -0.0272908 -0.00770138 1.00523 0 0 0 0 0 0 0 0 0 100 -100 
10.755 5.88202 2.39441 0.0614136 -0.102676 -2.6208 2.30528 1927 -43 -0.0322371 -0.00552639 1.00744 0 0 0 0 0 0 0 0 0 100 -100 
10.82 5.88214 2.39458 0.0614104 0.106485 -2.61432 -2.28501 1927 -47 -0.0352932 -0.0138796 1.01078 0 0 0 0 0 0 0 0 0 100 -100 
10.88 5.88222 2.39474 0.0614109 0.301887 -2.62038 -6.53351 1927 -51 -0.037738 -0.0205621 1.01344 0 0 0 0 0 0 0 0 0 100 -100 
10.945 5.88238 2.39503 0.0614165 0.533734 -2.68612 -11.1493 1928 -56 -0.0341105 -0.0175792 1.0071 0 0 0 0 0 0 0 0 0 100 -100 
11.005 5.88247 2.39511 0.0614141 0.729304 -2.64547 -15.3749 1928 -60 -0.0350765 -0.0238104 1.00816 0 0 0 0 0 0 0 0 0 100 -100 
11.07 5.88253 2.39502 0.061411 0.897128 -2.4639 -19.9538 1928 -65 -0.0358493 -0.0287953 1.00902 0 0 0 0 0 0 0 0 0 100 -100 
11.13 5.88263 2.39512 0.0614088 1.09908 -2.43656 -24.1832 1928 -69 -0.0411832 -0.0228408 1.00935 0 0 0 0 0 0 0 0 0 100 -100 
11.195 5.88273 2.39516 0.0614123 1.26488 -2.29793 -28.7796 1928 -74 -0.0393519 -0.0213167 1.00729 0 0 0 0 0 0 0 0 0 100 -100 
11.255 5.88282 2.39515 0.0614052 1.41483 -2.1764 -33.0012 1928 -78 -0.0378869 -0.0200974 1.00565 0 0 0 0 0 0 0 0 0 100 -100 
11.32 5.88293 2.39518 0.061408 1.57418 -2.03958 -37.5936 1928 -82 -0.0396389 -0.0135 1.00268 0 0 0 0 0 0 0 0 0 100 -100 
11.38 5.88309 2.39524 0.0614156 1.72023 -1.91827 -41.8347 1929 -87 -0.0431914 -0.010102 1.0015 0 0 0 0 0 0 0 0 0 100 -100 
11.445 5.88322 2.39524 0.0614096 1.83258 -1.73841 -46.452 1929 -91 -0.0460334 -0.0073835 1.00056 0 0 0 0 0 0 0 0 0 200 200 
11.505 5.88859 2.40022 0.0613963 1.00138 -0.837516 -50.2018 1936 -95 -0.048307 -0.00520874 0.999803 0 0 0 0 0 0 0 0 0 200 200 
11.57 5.90275 2.41182 0.0614021 0.594713 -0.484232 -51.0179 1954 -96 0.00684281 -0.00859478 0.998045 0 0 0 0 0 0 0 0 0 200 200 
11.63 5.9193 2.42519 0.0613893 2.19902 -1.78153 -50.9847 1976 -96 0.0509627 -0.0113036 0.996638 0 0 0 0 0 0 0 0 0 200 200 
11.695 5.93724 2.4397 0.0613857 3.86259 -3.13501 -50.9224 1999 -96 0.0168889 -0.00794333 0.984669 0 0 0 0 0 0 0 0 0 200 200 
11.755 5.95123 2.45102 0.0614043 3.00253 -2.43274 -50.9639 2017 -96 -0.0103702 -0.0052551 0.975094 0 0 0 0 0 0 0 0 0 200 200 
11.82 5.96608 2.46306 0.0613786 1.89271 -1.53304 -51.0047 2036 -96 -0.029673 -0.000442993 0.976846 0 0 0 0 0 0 0 0 0 200 200 
11.88 5.9817 2.47569 0.0613974 2.60673 -2.11011 -50.9827 2056 -96 -0.0205178 -0.00233672 0.982224 0 0 0 0 0 0 0 0 0 200 200 
11.945 5.99845 2.48924 0.0614016 3.17994 -2.5748 -50.9566 2077 -96 -0.0131937 -0.0038517 0.986527 0 0 0 0 0 0 0 0 0 200 200 
12.005 6.01278 2.50084 0.0613931 2.67841 -2.17021 -50.9759 2096 -96 -0.0347821 -0.00387119 0.985687 0 0 0 0 0 0 0 0 0 200 200 
12.07 6.02852 2.51356 0.0613934 2.35121 -1.90522 -50.9873 2116 -96 -0.0351074 -0.00428516 0.989692 0 0 0 0 0 0 0 0 0 200 200 
12.13 6.04379 2.52591 0.0613958 2.7267 -2.20867 -50.974 2136 -96 -0.0353677 -0.00461633 0.992896 0 0 0 0 0 0 0 0 0 200 200 
12.195 6.06013 2.53912 0.0613975 2.92569 -2.3707 -50.9638 2157 -96 -0.0421432 -0.00619195 0.995645 0 0 0 0 0 0 0 0 0 200 200 
12.255 6.0747 2.55091 0.0613972 2.64279 -2.14098 -50.9749 2175 -96 -0.0475637 -0.00745245 0.997844 0 0 0 0 0 0 0 0 0 200 200 
12.32 6.0906 2.56378 0.0613935 2.46628 -1.99747 -50.9835 2196 -96 -0.0500062 -0.0101007 0.997481 0 0 0 0 0 0 0 0 0 200 200 
12.38 6.10572 2.57602 0.0614006 2.71058 -2.19748 -50.9731 2215 -96 -0.0502422 -0.00822243 0.998721 0 0 0 0 0 0 0 0 0 200 200 
12.445 6.12188 2.58909 0.061397 2.75209 -2.23117 -50.9708 2236 -96 -0.050431 -0.00671978 0.999713 0 0 0 0 0 0 0 0 0 200 200 
12.505 6.13661 2.60101 0.0613934 2.63866 -2.13715 -50.9729 2255 -96 -0.0517169 -0.00129956 0.999915 0 0 0 0 0 0 0 0 0 200 200 
12.57 6.15271 2.61405 0.0613977 2.62545 -2.12807 -50.9736 2276 -96 -0.0527456 0.00303663 1.00008 0 0 0 0 0 0 0 0 0 200 200 
12.63 6.16766 2.62615 0.0614028 2.71327 -2.19748 -50.9713 2295 -96 -0.0535977 0.00419624 1.00092 0 0 0 0 0 0 0 0 0 200 200 
12.695 6.18374 2.63918 0.061395 2.70122 -2.18977 -50.9732 2316 -96 -0.0543509 0.0058125 0.999751 0 0 0 0 0 0 0 0 0 200 200 
12.755 6.19858 2.65117 0.0613976 2.66525 -2.15943 -50.9778 2335 -96 -0.0549534 0.00710551 0.998815 0 0 0 0 0 0 0 0 0 200 200 
12.82 6.21463 2.66416 0.0613924 2.62506 -2.12681 -50.98 2356 -96 -0.0568692 0.00684125 0.997526 0 0 0 0 0 0 0 0 0 200 200 
12.88 6.22956 2.67621 0.0613991 2.66109 -2.15797 -50.9774 2375 -96 -0.0584019 0.00662984 0.996496 0 0 0 0 0 0 0 0 0 200 200 
12.945 6.24567 2.68925 0.0613997 2.67077 -2.16324 -50.975 2395 -96 -0.0580976 0.00711798 0.998647 0 0 0 0 0 0 0 0 0 200 200 
13.005 6.26054 2.7013 0.0613953 2.68541 -2.17619 -50.9754 2415 -96 -0.0565134 0.00574497 0.997665 0 0 0 0 0 0 0 0 0 200 200 
13.07 6.27664 2.71431 0.0613952 2.66676 -2.16048 -50.9788 2435 -96 -0.055246 0.00464656 0.99688 0 0 0 0 0 0 0 0 0 -100 100 
13.13 6.28779 2.72266 0.0614073 3.51739 -2.86095 -50.8166 2449 -96 -0.115018 -0.00396346 0.997956 0 0 0 0 0 0 0 0 0 -100 100 
13.195 6.29363 2.72725 0.0613973 3.34055 -2.85658 -49.4424 2457 -94 -0.143754 0.00472268 0.998232 0 0 0 0 0 0 0 0 0 -100 100 
13.255 6.295 2.72784 0.0614034 2.55978 -2.47257 -45.9964 2458 -91 -0.166742 0.0116716 0.998453 0 0 0 0 0 0 0 0 0 -100 100 
13.32 6.29463 2.72752 0.0613969 2.07585 -2.35914 -41.3683 2459 -86 -0.162196 0.0186363 0.994982 0 0 0 0 0 0 0 0 0 -100 100 
13.38 6.29462 2.72767 0.0613921 1.96876 -2.59958 -37.1458 2459 -82 -0.142628 0.0140216 0.991323 0 0 0 0 0 0 0 0 0 -100 100 
13.445 6.29466 2.72796 0.0614095 1.76676 -2.77659 -32.5404 2459 -77 -0.13016 0.0143029 0.994232 0 0 0 0 0 0 0 0 0 -100 100 
13.505 6.29431 2.72757 0.0614021 1.27446 -2.37533 -28.2782 2460 -73 -0.120186 0.0145279 0.99656 0 0 0 0 0 0 0 0 0 -100 100 
13.57 6.29421 2.72742 0.0614069 1.05923 -2.42451 -23.6434 2460 -68 -0.0984585 0.00994087 0.998462 0 0 0 0 0 0 0 0 0 -100 100 
13.63 6.29421 2.7276 0.0614099 0.896978 -2.55829 -19.3919 2460 -64 -0.0810765 0.00627127 0.999984 0 0 0 0 0 0 0 0 0 -100 100 
13.695 6.29406 2.72763 0.0614109 0.657932 -2.49747 -14.805 2460 -60 -0.075661 0.0061068 0.997762 0 0 0 0 0 0 0 0 0 -100 100 
13.755 6.29397 2.72775 0.0614122 0.476368 -2.56584 -10.5594 2460 -55 -0.0694512 0.0063501 0.998643 0 0 0 0 0 0 0 0 0 -100 100 
13.82 6.29385 2.72799 0.0614099 0.263438 -2.57005 -5.92815 2461 -51 -0.0644833 0.00654475 0.999349 0 0 0 0 0 0 0 0 0 -100 100 
13.88 6.29373 2.7283 0.0614105 0.0720531 -2.59598 -1.63952 2461 -46 -0.0547649 0.011359 1.00165 0 0 0 0 0 0 0 0 0 -100 100 
13.945 6.29363 2.72845 0.0614103 -0.138957 -2.66637 2.89866 2461 -42 -0.054023 0.0121157 1.00122 0 0 0 0 0 0 0 0 0 -100 100 
14.005 6.29355 2.72846 0.0614071 -0.327171 -2.60969 7.08781 2461 -38 -0.0534296 0.0127211 1.00088 0 0 0 0 0 0 0 0 0 -100 100 
14.07 6.29341 2.72857 0.0614109 -0.548343 -2.64669 11.6414 2461 -33 -0.047428 0.0132749 1.00439 0 0 0 0 0 0 0 0 0 -100 100 
14.13 6.2933 2.7287 0.0614097 -0.756273 -2.64533 15.8707 2461 -29 -0.0489859 0.00617594 1.00079 0 0 0 0 0 0 0 0 0 -100 100 
14.195 6.29324 2.72879 0.0614079 -0.951517 -2.53558 20.4603 2461 -24 -0.0502321 0.000496791 0.997909 0 0 0 0 0 0 0 0 0 -100 100 
14.255 6.29319 2.72874 0.0614097 -1.10727 -2.401 24.6735 2461 -20 -0.0490689 -0.00147608 0.996813 0 0 0 0 0 0 0 0 0 -100 100 
14.32 6.29313 2.72864 0.0614016 -1.25553 -2.23427 29.2617 2462 -16 -0.0481383 -0.00305438 0.995936 0 0 0 0 0 0 0 0 0 -100 100 
14.38 6.29297 2.72875 0.0614145 -1.4617 -2.20176 33.4845 2462 -11 -0.0441813 -0.00421884 0.996665 0 0 0 0 0 0 0 0 0 -100 100 
14.445 6.29293 2.72869 0.0614117 -1.57817 -2.01033 38.0586 2462 -7 -0.0495389 -0.00014174 0.997472 0 0 0 0 0 0 0 0 0 -100 100 
14.505 6.29284 2.72865 0.0614098 -1.71063 -1.87674 42.2689 2462 -3 -0.053825 0.00311994 0.998118 0 0 0 0 0 0 0 0 0 200 200 
14.57 6.28692 2.7345 0.0613942 -0.807988 -0.774251 46.1832 2470 1 0.0016 0.00733094 0.998308 0 0 0 0 0 0 0 0 0 200 200 
14.63 6.27448 2.74627 0.0614049 -0.384209 -0.361609 46.7817 2487 2 0.0508327 0.0112923 0.998866 0 0 0 0 0 0 0 0 0 200 200 
14.695 6.2577 2.76202 0.0613873 -1.99289 -1.87249 46.7575 2510 2 0.0902188 0.0144614 0.999312 0 0 0 0 0 0 0 0 0 200 200 
14.755 6.24184 2.77689 0.0613891 -3.72263 -3.50506 46.6836 2532 2 0.0562245 0.0116782 1.00952 0 0 0 0 0 0 0 0 0 200 200 
14.82 6.22743 2.79039 0.0613973 -3.03839 -2.8566 46.7178 2552 2 0.0172228 0.00973656 1.00585 0 0 0 0 0 0 0 0 0 200 200 
14.88 6.21489 2.80217 0.0613807 -1.77419 -1.66735 46.7678 2569 2 -0.0139786 0.00818324 1.00292 0 0 0 0 0 0 0 0 0 200 200 
14.945 6.19926 2.81685 0.0613959 -2.28992 -2.15293 46.7502 2590 2 -0.00359511 0.0071586 1.00262 0 0 0 0 0 0 0 0 0 200 200 
15.005 6.18453 2.83068 0.061394 -3.00551 -2.8249 46.7191 2611 2 0.00471169 0.00633889 1.00239 0 0 0 0 0 0 0 0 0 200 200 
15.07 6.1698 2.84452 0.0613972 -2.63442 -2.47413 46.7359 2631 2 -0.0209497 0.0038752 1.00223 0 0 0 0 0 0 0 0 0 200 200 
15.13 6.15638 2.85712 0.0613913 -2.16109 -2.03058 46.7613 2649 2 -0.0238548 0.00499532 1.00093 0 0 0 0 0 0 0 0 0 200 200 
15.195 6.14095 2.8716 0.0613956 -2.47583 -2.32513 46.7498 2670 2 -0.0261789 0.00589141 0.999889 0 0 0 0 0 0 0 0 0 200 200 
15.255 6.12674 2.88493 0.0614018 -2.71954 -2.55474 46.7397 2690 2 -0.0386778 0.00907582 0.999276 0 0 0 0 0 0 0 0 0 200 200 
15.32 6.11189 2.89889 0.0613991 -2.48665 -2.33619 46.7478 2710 2 -0.044705 0.00881788 0.999409 0 0 0 0 0 0 0 0 0 200 200 
15.38 6.0981 2.91187 0.0613959 -2.36337 -2.22077 46.7503 2729 2 -0.0495267 0.00861152 0.999516 0 0 0 0 0 0 0 0 0 200 200 
15.445 6.08284 2.9262 0.0613946 -2.50825 -2.35798 46.7438 2750 2 -0.0494549 0.00768331 0.998639 0 0 0 0 0 0 0 0 0 200 200 
15.505 6.06883 2.93938 0.061398 -2.57085 -2.41905 46.7417 2769 2 -0.0538604 0.00177873 0.996664 0 0 0 0 0 0 0 0 0 200 200 
15.57 6.05383 2.95346 0.0613961 -2.48274 -2.3327 46.7476 2790 2 -0.0573848 -0.00294493 0.995085 0 0 0 0 0 0 0 0 0 200 200 
15.63 6.0399 2.96653 0.0613967 -2.46906 -2.31709 46.7483 2809 2 -0.0602044 -0.00672386 0.993821 0 0 0 0 0 0 0 0 0 200 200 
15.695 6.02479 2.98072 0.0613993 -2.47675 -2.32629 46.7505 2830 2 -0.059714 -0.00494395 0.997176 0 0 0 0 0 0 0 0 0 200 200 
15.755 6.01086 2.99381 0.0613976 -2.46885 -2.3183 46.7491 2849 2 -0.0601329 -0.000881268 0.996431 0 0 0 0 0 0 0 0 0 200 200 
15.82 5.99572 3.00802 0.0614011 -2.50419 -2.35264 46.7479 2870 2 -0.0622794 -0.00072942 0.998492 0 0 0 0 0 0 0 0 0 200 200 
15.88 5.98178 3.02112 0.0614007 -2.51193 -2.36021 46.7453 2889 2 -0.0639967 -0.000607941 1.00014 0 0 0 0 0 0 0 0 0 200 200 
15.945 5.96671 3.03525 0.0613941 -2.46704 -2.31864 46.7483 2909 2 -0.0636843 -0.00107735 1.00047 0 0 0 0 0 0 0 0 0 200 200 
16.01 5.95158 3.04945 0.0613976 -2.4993 -2.34713 46.748 2930 2 -0.0595129 -0.00421313 0.998614 0 0 0 0 0 0 0 0 0 200 200 
16.075 5.93642 3.06367 0.061399 -2.54257 -2.38836 46.7436 2951 2 -0.0561758 -0.00672175 0.997129 0 0 0 0 0 0 0 0 0 200 200 
16.135 5.92252 3.07671 0.0613962 -2.50288 -2.3502 46.7487 2970 2 -0.056562 0.00185675 1.00035 0 0 0 0 0 0 0 0 0 200 200 
16.2 5.90746 3.09087 0.0613956 -2.4747 -2.32525 46.7495 2991 2 -0.0564588 0.00240625 0.999989 0 0 0 0 0 0 0 0 0 200 200 
16.26 5.8935 3.10398 0.0613976 -2.49926 -2.34875 46.7516 3010 2 -0.0563763 0.00284584 0.9997 0 0 0 0 0 0 0 0 0 200 200 
16.325 5.87835 3.11822 0.0613978 -2.54896 -2.39622 46.7453 3031 2 -0.055449 0.00174994 1.00046 0 0 0 0 0 0 0 0 0 200 200 
16.385 5.86451 3.13123 0.0614007 -2.45392 -2.30404 46.7503 3050 2 -0.055639 0.00160443 0.998068 0 0 0 0 0 0 0 0 0 200 200 
16.45 5.84942 3.1454 0.0613967 -2.44844 -2.29997 46.7496 3070 2 -0.0557909 0.00148802 0.996158 0 0 0 0 0 0 0 0 0 200 200 
16.51 5.83544 3.15855 0.0613962 -2.49689 -2.34602 46.7487 3090 2 -0.0551325 0.000971568 0.996697 0 0 0 0 0 0 0 0 0 200 200 
16.575 5.82022 3.17283 0.0613977 -2.59034 -2.43431 46.7432 3110 2 -0.0581824 0.00411348 0.996421 0 0 0 0 0 0 0 0 0 200 200 
16.635 5.80635 3.18586 0.0613957 -2.52459 -2.37186 46.7444 3129 2 -0.0606223 0.00662702 0.9962 0 0 0 0 0 0 0 0 0 200 200 
16.7 5.79133 3.19997 0.061398 -2.45296 -2.30363 46.7447 3150 2 -0.0625742 0.00863784 0.996023 0 0 0 0 0 0 0 0 0 200 200 
16.76 5.77737 3.21308 0.0613987 -2.47065 -2.3227 46.7427 3169 2 -0.0597743 0.00729309 0.996147 0 0 0 0 0 0 0 0 0 200 200 
16.825 5.76221 3.22731 0.0614013 -2.52246 -2.36928 46.7417 3190 2 -0.0599223 0.00809748 0.997884 0 0 0 0 0 0 0 0 0 200 200 
16.885 5.74827 3.24039 0.0613995 -2.51423 -2.36202 46.7419 3209 2 -0.0600407 0.00874099 0.999275 0 0 0 0 0 0 0 0 0 200 200 
16.95 5.7332 3.25452 0.0613994 -2.46748 -2.31888 46.7462 3230 2 -0.0624347 0.00812793 0.996599 0 0 0 0 0 0 0 0 0 200 200 
17.01 5.71932 3.26759 0.0614 -2.43411 -2.2883 46.748 3249 2 -0.0643499 0.00763749 0.994459 0 0 0 0 0 0 0 0 0 200 200 
17.075 5.70409 3.28186 0.0614012 -2.53464 -2.38305 46.7429 3270 2 -0.0635051 0.00927041 0.993366 0 0 0 0 0 0 0 0 0 200 200 
17.135 5.69019 3.29491 0.0613979 -2.49749 -2.3475 46.7428 3289 2 -0.0643411 0.00621369 0.995062 0 0 0 0 0 0 0 0 0 200 200 
17.2 5.6751 3.30907 0.0614008 -2.4823 -2.33364 46.7455 3309 2 -0.0650098 0.00376832 0.996418 0 0 0 0 0 0 0 0 0 200 200 
17.26 5.66119 3.32215 0.0613968 -2.4615 -2.31384 46.7475 3329 2 -0.0634962 0.00151462 0.9979 0 0 0 0 0 0 0 0 0 200 200 
17.325 5.64601 3.33641 0.0614005 -2.5354 -2.3823 46.7424 3349 2 -0.0604107 0.000824616 0.999438 0 0 0 0 0 0 0 0 0 200 200 
17.385 5.63207 3.34951 0.0613956 -2.5501 -2.39704 46.742 3368 2 -0.0579423 0.000272615 1.00067 0 0 0 0 0 0 0 0 0 200 200 
17.45 5.61705 3.36363 0.0614013 -2.46933 -2.32148 46.7432 3389 2 -0.0611071 0.00118913 0.999221 0 0 0 0 0 0 0 0 0 200 200 
17.51 5.60311 3.37672 0.0613973 -2.47833 -2.3305 46.7393 3408 2 -0.05895 0.00452121 0.995563 0 0 0 0 0 0 0 0 0 200 200 
17.575 5.58798 3.39094 0.061396 -2.50437 -2.35519 46.7392 3429 2 -0.0572243 0.00718688 0.992636 0 0 0 0 0 0 0 0 0 200 200 
17.635 5.57403 3.40403 0.0613995 -2.50257 -2.35383 46.7444 3448 2 -0.0558438 0.00931941 0.990295 0 0 0 0 0 0 0 0 0 200 200 
17.7 5.55901 3.41814 0.0613968 -2.43953 -2.29187 46.7521 3469 2 -0.0552242 0.00783115 0.995369 0 0 0 0 0 0 0 0 0 200 200 
17.76 5.54502 3.43129 0.0613974 -2.49758 -2.34849 46.7499 3488 2 -0.0536522 0.00527149 0.99644 0 0 0 0 0 0 0 0 0 200 200 
17.825 5.52986 3.44553 0.0613987 -2.55347 -2.39863 46.7445 3509 2 -0.0542164 0.00412142 0.99501 0 0 0 0 0 0 0 0 0 200 200 
17.885 5.51597 3.45856 0.0613988 -2.49814 -2.34728 46.7456 3528 2 -0.0546678 0.00320136 0.993867 0 0 0 0 0 0 0 0 0 200 200 
17.95 5.50096 3.47265 0.0613979 -2.41262 -2.26884 46.7478 3548 2 -0.0536965 0.00575631 0.995862 0 0 0 0 0 0 0 0 0 200 200 
18.01 5.48693 3.48585 0.0614025 -2.507 -2.35688 46.7434 3568 2 -0.0529195 0.00780026 0.997459 0 0 0 0 0 0 0 0 0 200 200 
18.075 5.47182 3.50008 0.0613955 -2.52851 -2.37672 46.7419 3588 2 -0.0552182 0.00651574 0.997811 0 0 0 0 0 0 0 0 0 200 200 
18.135 5.45788 3.51316 0.0613972 -2.52911 -2.37605 46.7459 3607 2 -0.0569954 0.00707411 0.995879 0 0 0 0 0 0 0 0 0 200 200 
18.2 5.44281 3.52732 0.0613969 -2.49631 -2.34437 46.7442 3628 2 -0.0584172 0.0075208 0.994333 0 0 0 0 0 0 0 0 0 200 200 
18.26 5.42889 3.54038 0.061398 -2.47103 -2.32316 46.7474 3647 2 -0.0597529 0.00784349 0.992869 0 0 0 0 0 0 0 0 0 200 200 
18.325 5.41378 3.55456 0.0613956 -2.47622 -2.3263 46.7462 3668 2 -0.0608214 0.00810165 0.991697 0 0 0 0 0 0 0 0 0 200 200 
18.385 5.39981 3.56764 0.0614014 -2.48756 -2.33891 46.7478 3687 2 -0.0619592 0.00651222 0.991201 0 0 0 0 0 0 0 0 0 200 200 
18.45 5.38475 3.5818 0.0613975 -2.46197 -2.31246 46.7499 3708 2 -0.0619274 0.00589565 0.993086 0 0 0 0 0 0 0 0 0 200 200 
18.51 5.37081 3.5949 0.061397 -2.46338 -2.31628 46.7495 3727 2 -0.061902 0.00540239 0.994594 0 0 0 0 0 0 0 0 0 200 200 
18.575 5.35564 3.60916 0.0613993 -2.53176 -2.37603 46.7464 3748 2 -0.0602551 0.00881391 0.993937 0 0 0 0 0 0 0 0 0 200 200 
18.635 5.34174 3.62222 0.0613937 -2.50944 -2.35784 46.7498 3767 2 -0.0611062 0.00691223 0.99864 0 0 0 0 0 0 0 0 0 200 200 
18.7 5.32666 3.63638 0.0613962 -2.48413 -2.33427 46.7514 3787 2 -0.0617872 0.00539088 1.0024 0 0 0 0 0 0 0 0 0 200 200 
18.76 5.3127 3.64947 0.0613981 -2.49592 -2.34533 46.7481 3807 2 -0.0618679 0.00372523 1.00008 0 0 0 0 0 0 0 0 0 200 200 
18.825 5.29758 3.66365 0.0613986 -2.49802 -2.34645 46.7483 3827 2 -0.0614306 0.00120945 0.998253 0 0 0 0 0 0 0 0 0 200 200 
18.885 5.28364 3.67672 0.0614003 -2.48876 -2.33725 46.7503 3846 2 -0.0610807 -0.000803167 0.99679 0 0 0 0 0 0 0 0 0 200 200 
18.95 5.26856 3.6909 0.0613989 -2.47916 -2.32858 46.7528 3867 2 -0.0622595 -0.00238074 0.996373 0 0 0 0 0 0 0 0 0 200 200 
19.01 5.25458 3.70403 0.0613976 -2.51218 -2.35977 46.7521 3886 2 -0.0632025 -0.00364281 0.99604 0 0 0 0 0 0 0 0 0 200 200 
19.075 5.23947 3.71822 0.061397 -2.53027 -2.37639 46.7543 3907 2 -0.0640434 -0.0014983 0.996445 0 0 0 0 0 0 0 0 0 200 200 
19.135 5.22557 3.73127 0.061399 -2.4843 -2.3338 46.7571 3926 2 -0.0658326 0.00195535 0.993604 0 0 0 0 0 0 0 0 0 200 200 
19.2 5.21047 3.74543 0.0613951 -2.47859 -2.32914 46.7572 3947 2 -0.067264 0.00471827 0.991332 0 0 0 0 0 0 0 0 0 200 200 
19.26 5.19648 3.75854 0.061397 -2.50889 -2.35479 46.757 3966 2 -0.0661317 0.00335929 0.991861 0 0 0 0 0 0 0 0 0 200 200 
19.325 5.18139 3.77271 0.0614011 -2.49817 -2.34569 46.7555 3987 2 -0.0640992 0.00150816 0.9947 0 0 0 0 0 0 0 0 0 200 200 
19.385 5.1675 3.78577 0.0613938 -2.46326 -2.31408 46.7562 4006 2 -0.0598584 0.0045853 0.997606 0 0 0 0 0 0 0 0 0 200 200 
19.45 5.15233 3.80001 0.0613999 -2.52151 -2.36865 46.7542 4027 2 -0.0564658 0.00704702 0.999931 0 0 0 0 0 0 0 0 0 200 200 
19.51 5.13837 3.81312 0.0613995 -2.5378 -2.38408 46.7507 4046 2 -0.0569215 0.00820316 0.999782 0 0 0 0 0 0 0 0 0 200 200 
19.575 5.12332 3.82723 0.0613998 -2.47268 -2.32341 46.7501 4066 2 -0.0572861 0.00912808 0.999664 0 0 0 0 0 0 0 0 0 200 200 
19.635 5.10941 3.8403 0.0613964 -2.45642 -2.30794 46.7487 4085 2 -0.0587025 0.00519062 0.998695 0 0 0 0 0 0 0 0 0 200 200 
19.7 5.0942 3.85458 0.0613992 -2.55114 -2.39689 46.7426 4106 2 -0.0598355 0.00204065 0.99792 0 0 0 0 0 0 0 0 0 200 200 
19.76 5.08033 3.86761 0.0613939 -2.49693 -2.34831 46.7443 4125 2 -0.062257 -5.58335e-005 0.998719 0 0 0 0 0 0 0 0 0 200 200 
19.825 5.06529 3.88175 0.0613943 -2.4404 -2.29407 46.749 4146 2 -0.0612876 -0.00117673 1.00105 0 0 0 0 0 0 0 0 0 200 200 
19.885 5.05129 3.89491 0.061395 -2.50428 -2.35176 46.7466 4165 2 -0.0605121 -0.00207345 1.00292 0 0 0 0 0 0 0 0 0 200 200 
19.95 5.03617 3.90912 0.0613989 -2.52392 -2.36877 46.7494 4186 2 -0.0641399 -0.00299219 1.00095 0 0 0 0 0 0 0 0 0 200 200 
20.01 5.02233 3.92212 0.0613943 -2.43965 -2.29079 46.7528 4205 2 -0.0613636 -0.0046006 0.99742 0 0 0 0 0 0 0 0 0 200 200 
20.075 5.00717 3.93634 0.061397 -2.48459 -2.33383 46.7511 4226 2 -0.0591425 -0.00588733 0.994594 0 0 0 0 0 0 0 0 0 200 200 
20.135 4.99319 3.9495 0.0613978 -2.53755 -2.38273 46.7506 4245 2 -0.0617405 -0.00628114 0.995495 0 0 0 0 0 0 0 0 0 200 200 
20.2 4.97814 3.9636 0.0613959 -2.4704 -2.32102 46.7523 4266 2 -0.0638188 -0.00659618 0.996216 0 0 0 0 0 0 0 0 0 200 200 
20.26 4.96422 3.97668 0.0613993 -2.46071 -2.30946 46.7502 4285 2 -0.0634252 -0.00411763 0.995995 0 0 0 0 0 0 0 0 0 200 200 
20.325 4.94901 3.99095 0.0613967 -2.55204 -2.39889 46.7485 4305 2 -0.0631103 -0.00213479 0.995819 0 0 0 0 0 0 0 0 0 200 200 
20.385 4.93509 4.00403 0.0614013 -2.52913 -2.37845 46.7423 4325 2 -0.0642225 0.0011955 0.996038 0 0 0 0 0 0 0 0 0 200 200 
20.45 4.92012 4.01808 0.0613951 -2.41519 -2.26828 46.748 4345 2 -0.0622915 0.00143314 0.997018 0 0 0 0 0 0 0 0 0 200 200 
20.51 4.9061 4.03123 0.0613975 -2.47785 -2.32876 46.7504 4364 2 -0.0607468 0.00162326 0.997802 0 0 0 0 0 0 0 0 0 200 200 
20.575 4.89094 4.0455 0.0613988 -2.53896 -2.38364 46.7481 4385 2 -0.0639953 -0.00310595 0.99423 0 0 0 0 0 0 0 0 0 200 200 
20.635 4.87705 4.05856 0.0614006 -2.50364 -2.35225 46.7486 4404 2 -0.0665942 -0.00688932 0.991372 0 0 0 0 0 0 0 0 0 200 200 
20.7 4.86204 4.07269 0.0613971 -2.43892 -2.28936 46.7521 4425 2 -0.067711 -0.00872456 0.99444 0 0 0 0 0 0 0 0 0 200 200 
20.76 4.84803 4.08584 0.0614003 -2.49415 -2.3451 46.7462 4444 2 -0.0681793 -0.00704435 0.995353 0 0 0 0 0 0 0 0 0 200 200 
20.825 4.8329 4.10007 0.0613997 -2.53183 -2.37771 46.7433 4465 2 -0.0685539 -0.00570018 0.996083 0 0 0 0 0 0 0 0 0 200 200 
20.885 4.81905 4.11311 0.0613979 -2.46267 -2.31153 46.7464 4484 2 -0.0688536 -0.00462485 0.996667 0 0 0 0 0 0 0 0 0 200 200 
20.95 4.80395 4.12728 0.0613984 -2.45557 -2.30442 46.7546 4505 2 -0.0653028 -0.002344 0.996599 0 0 0 0 0 0 0 0 0 200 200 
21.01 4.78997 4.14043 0.0613988 -2.49659 -2.34661 46.7535 4524 2 -0.0641845 0.000514138 0.997952 0 0 0 0 0 0 0 0 0 200 200 
21.075 4.77486 4.1546 0.0613994 -2.49466 -2.34284 46.7524 4544 2 -0.0632899 0.00280064 0.999035 0 0 0 0 0 0 0 0 0 200 200 
21.135 4.76092 4.16771 0.0613972 -2.50508 -2.35361 46.7527 4564 2 -0.0603672 0.00151467 0.997534 0 0 0 0 0 0 0 0 0 200 200 
21.2 4.74583 4.18187 0.0613972 -2.48652 -2.33747 46.7533 4584 2 -0.0580291 0.000485893 0.996333 0 0 0 0 0 0 0 0 0 200 200 
21.26 4.73197 4.19491 0.0614004 -2.42785 -2.27956 46.7583 4603 2 -0.0567018 0.00204674 0.993614 0 0 0 0 0 0 0 0 0 200 200 
21.325 4.71682 4.20912 0.0613975 -2.46512 -2.31643 46.7564 4624 2 -0.05564 0.00329542 0.991439 0 0 0 0 0 0 0 0 0 200 200 
21.385 4.70279 4.22227 0.0613988 -2.53811 -2.38272 46.7564 4643 2 -0.0576603 0.00392244 0.993112 0 0 0 0 0 0 0 0 0 200 200 
21.45 4.68767 4.23646 0.0614003 -2.54538 -2.39125 46.7572 4664 2 -0.0590242 0.00231147 0.99289 0 0 0 0 0 0 0 0 0 200 200 
21.51 4.6738 4.2495 0.0613956 -2.48252 -2.33112 46.7622 4683 2 -0.0601154 0.00102269 0.992712 0 0 0 0 0 0 0 0 0 200 200 
21.575 4.65868 4.2637 0.0613977 -2.50441 -2.35223 46.7593 4704 2 -0.0612889 -0.000777621 0.994028 0 0 0 0 0 0 0 0 0 200 200 
21.635 4.64474 4.27679 0.0613995 -2.50251 -2.35104 46.7572 4723 2 -0.0622277 -0.00221787 0.995082 0 0 0 0 0 0 0 0 0 200 200 
21.7 4.62966 4.29095 0.061394 -2.48314 -2.33134 46.7585 4744 2 -0.0606052 -0.00454975 0.991671 0 0 0 0 0 0 0 0 0 200 200 
21.76 4.61572 4.30406 0.0614 -2.48883 -2.33816 46.7608 4763 2 -0.0623436 -0.00442935 0.99443 0 0 0 0 0 0 0 0 0 200 200 
21.825 4.60059 4.31822 0.0614024 -2.4921 -2.33811 46.7638 4784 2 -0.0637343 -0.00433303 0.996638 0 0 0 0 0 0 0 0 0 200 200 
21.885 4.58668 4.3313 0.0613996 -2.47809 -2.32498 46.7633 4803 2 -0.0648469 -0.00425597 0.998404 0 0 0 0 0 0 0 0 0 200 200 
21.95 4.57154 4.34547 0.0614007 -2.4927 -2.34161 46.7642 4823 2 -0.0650207 -0.00402026 0.997082 0 0 0 0 0 0 0 0 0 200 200 
22.01 4.55764 4.35851 0.0614005 -2.4543 -2.30438 46.7685 4842 2 -0.0623697 -0.00203965 0.999121 0 0 0 0 0 0 0 0 0 200 200 
22.075 4.54253 4.37269 0.0613957 -2.46106 -2.30951 46.7681 4863 2 -0.0602489 -0.000455173 1.00075 0 0 0 0 0 0 0 0 0 200 200 
22.135 4.52853 4.38583 0.0613998 -2.50845 -2.35213 46.7687 4882 2 -0.0616209 -0.000332538 0.999119 0 0 0 0 0 0 0 0 0 200 200 
22.2 4.51341 4.39998 0.0613977 -2.50781 -2.35472 46.7675 4903 2 -0.0601881 0.000181993 1.00172 0 0 0 0 0 0 0 0 0 200 200 
22.26 4.49946 4.41307 0.0613998 -2.51095 -2.35898 46.7686 4922 2 -0.059042 0.000593619 1.0038 0 0 0 0 0 0 0 0 0 200 200 
22.325 4.48441 4.42719 0.0613971 -2.45594 -2.30563 46.7699 4943 2 -0.0582601 0.00602454 1.00135 0 0 0 0 0 0 0 0 0 200 200 
22.385 4.47041 4.4403 0.0613991 -2.48945 -2.33694 46.7685 4962 2 -0.0576346 0.0103693 0.999396 0 0 0 0 0 0 0 0 0 200 200 
22.45 4.45524 4.45453 0.0613958 -2.54723 -2.39092 46.7645 4983 2 -0.0584164 0.0110251 0.998797 0 0 0 0 0 0 0 0 0 200 200 
22.51 4.44137 4.46753 0.0613984 -2.46688 -2.31455 46.7674 5002 2 -0.0590418 0.0115497 0.998319 0 0 0 0 0 0 0 0 0 200 200 
22.575 4.42625 4.4817 0.0613975 -2.4757 -2.32621 46.7678 5023 2 -0.0594875 0.0105813 0.999167 0 0 0 0 0 0 0 0 0 200 200 
22.635 4.41223 4.49486 0.061402 -2.5502 -2.3955 46.7639 5042 2 -0.0599095 0.00764636 0.999357 0 0 0 0 0 0 0 0 0 200 200 
22.7 4.39715 4.50901 0.0613976 -2.5196 -2.36679 46.7658 5062 2 -0.0602472 0.00529839 0.99951 0 0 0 0 0 0 0 0 0 200 200 
22.76 4.38326 4.52207 0.0614011 -2.48378 -2.33136 46.7693 5081 2 -0.0610522 -0.000298063 1.00221 0 0 0 0 0 0 0 0 0 200 200 
22.825 4.36817 4.53626 0.0614 -2.49119 -2.33841 46.7679 5102 2 -0.0616962 -0.00477522 1.00436 0 0 0 0 0 0 0 0 0 200 200 
22.885 4.35421 4.54936 0.0613976 -2.49963 -2.34654 46.7635 5121 2 -0.061571 -0.00627143 1.00137 0 0 0 0 0 0 0 0 0 200 200 
22.95 4.33906 4.56358 0.0613993 -2.53874 -2.3837 46.7631 5142 2 -0.0620403 -0.00474374 1.00064 0 0 0 0 0 0 0 0 0 200 200 
23.01 4.32519 4.5766 0.0613975 -2.46449 -2.31346 46.7646 5161 2 -0.0624157 -0.00352159 1.00006 0 0 0 0 0 0 0 0 0 200 200 
23.075 4.3101 4.59074 0.0614001 -2.4387 -2.28927 46.763 5182 2 -0.062716 -0.00254386 0.999598 0 0 0 0 0 0 0 0 0 200 200 
23.135 4.2961 4.60392 0.0613968 -2.50788 -2.35692 46.7597 5201 2 -0.0607891 -0.00253141 0.999174 0 0 0 0 0 0 0 0 0 200 200 
23.2 4.28095 4.61812 0.0614024 -2.53696 -2.38125 46.7559 5222 2 -0.0594483 0.00175382 1.00224 0 0 0 0 0 0 0 0 0 200 200 
23.26 4.26709 4.63115 0.0614037 -2.4662 -2.31547 46.7604 5241 2 -0.0583756 0.005182 1.0047 0 0 0 0 0 0 0 0 0 200 200 
23.325 4.252 4.64531 0.0613962 -2.45496 -2.30339 46.7596 5262 2 -0.0565389 0.00338046 1.00485 0 0 0 0 0 0 0 0 0 200 200 
23.385 4.23796 4.65847 0.0613989 -2.54128 -2.38639 46.7561 5281 2 -0.0550695 0.00193923 1.00498 0 0 0 0 0 0 0 0 0 200 200 
23.45 4.2229 4.6726 0.0614008 -2.49333 -2.34091 46.7609 5301 2 -0.0580366 0.00385859 1.00245 0 0 0 0 0 0 0 0 0 200 200 
23.51 4.209 4.68565 0.061401 -2.46341 -2.31329 46.7628 5321 2 -0.0604103 0.00539408 1.00042 0 0 0 0 0 0 0 0 0 200 200 
23.575 4.19387 4.69986 0.0613961 -2.49533 -2.34569 46.7628 5341 2 -0.0592265 0.00778891 0.998884 0 0 0 0 0 0 0 0 0 200 200 
23.635 4.17989 4.71297 0.0613993 -2.51365 -2.35929 46.7591 5360 2 -0.0618316 0.00311024 0.997699 0 0 0 0 0 0 0 0 0 200 200 
23.7 4.16483 4.72713 0.0613993 -2.48366 -2.33229 46.7579 5381 2 -0.0639157 -0.000632696 0.996751 0 0 0 0 0 0 0 0 0 200 200 
23.76 4.15089 4.74022 0.061397 -2.4877 -2.33547 46.7584 5400 2 -0.0631493 -0.00205989 0.99555 0 0 0 0 0 0 0 0 0 200 200 
23.825 4.13579 4.75442 0.0613948 -2.49845 -2.34673 46.7564 5421 2 -0.0625362 -0.00320165 0.99459 0 0 0 0 0 0 0 0 0 200 200 
23.885 4.12182 4.76751 0.0613998 -2.50487 -2.35148 46.7608 5440 2 -0.0622007 -0.00217689 0.991568 0 0 0 0 0 0 0 0 0 200 200 
23.95 4.10676 4.78164 0.0613956 -2.46364 -2.31271 46.7659 5461 2 -0.0619322 -0.00135708 0.989151 0 0 0 0 0 0 0 0 0 200 200 
24.01 4.09277 4.79478 0.0613997 -2.50013 -2.34675 46.766 5480 2 -0.0590027 -0.000467804 0.99095 0 0 0 0 0 0 0 0 0 200 200 
24.075 4.07762 4.80898 0.0613965 -2.53624 -2.37998 46.7612 5501 2 -0.0566591 0.000243613 0.992389 0 0 0 0 0 0 0 0 0 200 200 
24.135 4.06375 4.82201 0.0613975 -2.4832 -2.33275 46.7636 5520 2 -0.0606519 -0.00165557 0.992769 0 0 0 0 0 0 0 0 0 200 200 
24.2 4.04871 4.83615 0.061401 -2.43009 -2.28085 46.7659 5540 2 -0.0589702 -0.00485159 0.994229 0 0 0 0 0 0 0 0 0 200 200 
24.26 4.03471 4.84929 0.0614031 -2.47755 -2.32598 46.7623 5560 2 -0.0576249 -0.00740841 0.995396 0 0 0 0 0 0 0 0 0 200 200 
24.325 4.01954 4.86354 0.0613977 -2.549 -2.39341 46.7577 5580 2 -0.0566986 -0.00528522 0.996959 0 0 0 0 0 0 0 0 0 200 200 
24.385 4.00568 4.87655 0.0613985 -2.46609 -2.3157 46.765 5599 2 -0.0559576 -0.00358667 0.99821 0 0 0 0 0 0 0 0 0 200 200 
24.45 3.99059 4.89072 0.0613977 -2.46459 -2.31365 46.7676 5620 2 -0.0529458 -0.00110232 0.997494 0 0 0 0 0 0 0 0 0 200 200 
24.51 3.97662 4.90383 0.0613973 -2.48887 -2.33696 46.7626 5639 2 -0.0505364 0.000885161 0.996921 0 0 0 0 0 0 0 0 0 200 200 
24.575 3.9615 4.91802 0.0613984 -2.49972 -2.34561 46.7637 5660 2 -0.052519 0.00170423 0.995266 0 0 0 0 0 0 0 0 0 200 200 
24.635 3.94755 4.93112 0.0613977 -2.51448 -2.35953 46.7605 5679 2 -0.0536857 -0.00110182 0.997862 0 0 0 0 0 0 0 0 0 200 200 
24.7 3.93244 4.9453 0.0613999 -2.5011 -2.34943 46.7563 5700 2 -0.054619 -0.00334665 0.999939 0 0 0 0 0 0 0 0 0 200 200 
24.76 3.91852 4.95838 0.0613972 -2.49331 -2.34199 46.7553 5719 2 -0.0553657 -0.00514253 1.0016 0 0 0 0 0 0 0 0 0 200 200 
24.825 3.90339 4.97258 0.0613994 -2.51201 -2.35924 46.7519 5740 2 -0.0566026 -0.00873267 0.997627 0 0 0 0 0 0 0 0 0 200 200 
24.885 3.88945 4.98567 0.0613988 -2.51285 -2.36047 46.7525 5759 2 -0.0574278 -0.0092067 1.00208 0 0 0 0 0 0 0 0 0 200 200 
24.95 3.87435 4.99984 0.0613977 -2.50454 -2.35124 46.7554 5780 2 -0.058088 -0.00958593 1.00565 0 0 0 0 0 0 0 0 0 200 200 
25.01 3.86041 5.01291 0.0613971 -2.49993 -2.34888 46.7538 5799 2 -0.0590847 -0.00732556 1.00382 0 0 0 0 0 0 0 0 0 200 200 
25.075 3.84533 5.02706 0.0613992 -2.47444 -2.32449 46.7546 5819 2 -0.059882 -0.00551725 1.00236 0 0 0 0 0 0 0 0 0 200 200 
25.135 3.83137 5.04018 0.0613978 -2.50311 -2.34933 46.7538 5838 2 -0.0579966 -0.00284537 1.00219 0 0 0 0 0 0 0 0 0 200 200 
25.2 3.81628 5.05435 0.061398 -2.48425 -2.333 46.7524 5859 2 -0.0564883 -0.000707855 1.00206 0 0 0 0 0 0 0 0 0 200 200 
25.26 3.80232 5.06744 0.0613997 -2.49641 -2.34535 46.7556 5878 2 -0.0569834 -0.00213323 1.00265 0 0 0 0 0 0 0 0 0 200 200 
25.325 3.78722 5.08162 0.0614009 -2.48872 -2.33695 46.7535 5899 2 -0.0573794 -0.00327353 1.00312 0 0 0 0 0 0 0 0 0 200 200 
25.385 3.77333 5.09466 0.061395 -2.44686 -2.2985 46.7543 5918 2 -0.0592243 -0.00192126 1.00246 0 0 0 0 0 0 0 0 0 200 200 
25.45 3.75817 5.10892 0.0613937 -2.50887 -2.3583 46.7507 5939 2 -0.0610964 -0.00371633 1.00304 0 0 0 0 0 0 0 0 0 200 200 
25.51 3.74422 5.12202 0.0613964 -2.52051 -2.36845 46.7518 5958 2 -0.0625941 -0.00515239 1.0035 0 0 0 0 0 0 0 0 0 200 200 
25.575 3.72919 5.13615 0.0613962 -2.45403 -2.3041 46.747 5979 2 -0.0598737 -0.00191684 1.00132 0 0 0 0 0 0 0 0 0 200 200 
25.635 3.71525 5.14926 0.0613991 -2.46297 -2.31412 46.7464 5998 2 -0.0576974 0.000671595 0.999577 0 0 0 0 0 0 0 0 0 200 200 
25.7 3.70013 5.16349 0.0613973 -2.491 -2.34119 46.7444 6019 2 -0.0578657 0.00409703 1.00182 0 0 0 0 0 0 0 0 0 200 200 
25.76 3.68617 5.1766 0.0613936 -2.51158 -2.35995 46.7439 6038 2 -0.0580003 0.00683738 1.00361 0 0 0 0 0 0 0 0 0 200 200 
25.825 3.67104 5.19082 0.0613973 -2.53663 -2.38559 46.7374 6058 2 -0.0588066 0.00912212 1.00286 0 0 0 0 0 0 0 0 0 200 200 
25.885 3.65717 5.20387 0.0613971 -2.48898 -2.33982 46.7369 6078 2 -0.0594517 0.0109499 1.00226 0 0 0 0 0 0 0 0 0 200 200 
25.95 3.6421 5.21801 0.0614 -2.46573 -2.3161 46.7393 6098 2 -0.05874 0.0104844 1.00058 0 0 0 0 0 0 0 0 0 200 200 
26.01 3.6281 5.23114 0.0613957 -2.51277 -2.36072 46.7398 6117 2 -0.0574657 0.00697618 1.00321 0 0 0 0 0 0 0 0 0 200 200 
26.075 3.61298 5.24536 0.0613995 -2.53288 -2.38126 46.7382 6138 2 -0.0564463 0.00416957 1.00532 0 0 0 0 0 0 0 0 0 200 200 
26.135 3.59913 5.25834 0.0613956 -2.43827 -2.29081 46.7437 6157 2 -0.0609609 0.000538373 1.00364 0 0 0 0 0 0 0 0 0 200 200 
26.2 3.584 5.27254 0.0613945 -2.46485 -2.31502 46.7412 6178 2 -0.0645725 -0.00236659 1.0023 0 0 0 0 0 0 0 0 0 200 200 
26.26 3.56997 5.28572 0.0613971 -2.54821 -2.39493 46.7354 6197 2 -0.0646061 -0.00373437 1.00613 0 0 0 0 0 0 0 0 0 200 200 
26.325 3.55489 5.29988 0.0613967 -2.52808 -2.37712 46.7376 6218 2 -0.0646329 -0.0048286 1.0092 0 0 0 0 0 0 0 0 0 200 200 
26.385 3.54101 5.31294 0.0613959 -2.48606 -2.33612 46.7401 6237 2 -0.0640477 -0.00444221 1.00919 0 0 0 0 0 0 0 0 0 200 200 
26.45 3.52589 5.32715 0.0613962 -2.50481 -2.35353 46.7387 6258 2 -0.061279 -0.00235833 1.00697 0 0 0 0 0 0 0 0 0 200 200 
26.51 3.51193 5.34026 0.0613949 -2.52582 -2.37413 46.7373 6277 2 -0.059064 -0.000691231 1.0052 0 0 0 0 0 0 0 0 0 200 200 
26.575 3.49689 5.35439 0.0613972 -2.47401 -2.32589 46.7386 6297 2 -0.057292 0.00064245 1.00378 0 0 0 0 0 0 0 0 0 200 200 
26.635 3.48293 5.36747 0.0613962 -2.47758 -2.32954 46.7407 6317 2 -0.0575381 0.0009652 1.00227 0 0 0 0 0 0 0 0 0 200 200 
26.7 3.46775 5.38172 0.0613997 -2.55023 -2.39556 46.7329 6337 2 -0.056974 0.000992847 1.00401 0 0 0 0 0 0 0 0 0 200 200 
26.76 3.4539 5.39475 0.0613944 -2.48283 -2.33437 46.7382 6356 2 -0.0565227 0.00101497 1.00541 0 0 0 0 0 0 0 0 0 200 200 
26.825 3.43885 5.40891 0.0613941 -2.45423 -2.30599 46.7363 6377 2 -0.0547142 0.00135625 1.00412 0 0 0 0 0 0 0 0 0 200 200 
26.885 3.42484 5.42211 0.0614009 -2.53781 -2.38452 46.7291 6396 2 -0.0532675 0.00162928 1.00308 0 0 0 0 0 0 0 0 0 200 200 
26.95 3.40975 5.43629 0.0614004 -2.52009 -2.36851 46.73 6417 2 -0.0574205 0.00209709 1.00016 0 0 0 0 0 0 0 0 0 200 200 
27.01 3.39588 5.44934 0.0613975 -2.47396 -2.32518 46.7288 6436 2 -0.060743 0.00247134 0.997822 0 0 0 0 0 0 0 0 0 200 200 
27.075 3.38075 5.46354 0.0614005 -2.48667 -2.33885 46.7271 6457 2 -0.0610059 0.00313277 0.996231 0 0 0 0 0 0 0 0 0 200 200 
27.135 3.3668 5.47667 0.0613998 -2.52264 -2.36859 46.727 6476 2 -0.0600097 0.000294671 0.997181 0 0 0 0 0 0 0 0 0 200 200 
27.2 3.35167 5.49087 0.0613972 -2.54213 -2.38946 46.7256 6497 2 -0.0592128 -0.00197581 0.997942 0 0 0 0 0 0 0 0 0 200 200 
27.26 3.33775 5.50395 0.0613976 -2.52798 -2.37684 46.726 6516 2 -0.0585752 -0.00379219 0.99855 0 0 0 0 0 0 0 0 0 200 200 
27.325 3.32274 5.51806 0.0613979 -2.45304 -2.30718 46.7287 6536 2 -0.0598325 -0.00289824 0.996504 0 0 0 0 0 0 0 0 0 200 200 
27.385 3.30879 5.53117 0.0613961 -2.47729 -2.33093 46.7268 6556 2 -0.0606634 -0.00175504 0.994641 0 0 0 0 0 0 0 0 0 200 200 
27.45 3.29362 5.54543 0.0614027 -2.53812 -2.38906 46.7253 6576 2 -0.0613281 -0.000840481 0.99315 0 0 0 0 0 0 0 0 0 200 200 
27.51 3.27972 5.5585 0.0613975 -2.51846 -2.36868 46.7258 6595 2 -0.061988 -0.00208266 0.991163 0 0 0 0 0 0 0 0 0 200 200 
27.575 3.26465 5.57266 0.0613986 -2.48777 -2.33849 46.7304 6616 2 -0.062516 -0.00307641 0.989573 0 0 0 0 0 0 0 0 0 200 200 
27.635 3.25072 5.58573 0.0613998 -2.47561 -2.32579 46.7334 6635 2 -0.0621861 -0.000177738 0.991411 0 0 0 0 0 0 0 0 0 200 200 
27.7 3.23561 5.59994 0.0613962 -2.49372 -2.34597 46.7278 6656 2 -0.0597626 -5.27172e-005 0.995157 0 0 0 0 0 0 0 0 0 200 200 
27.76 3.22164 5.61308 0.0613997 -2.52504 -2.37367 46.727 6675 2 -0.0578237 4.72995e-005 0.998153 0 0 0 0 0 0 0 0 0 200 200 
27.825 3.20659 5.62721 0.0613974 -2.47272 -2.32449 46.7281 6696 2 -0.059103 -0.00156839 0.998422 0 0 0 0 0 0 0 0 0 200 200 
27.885 3.19265 5.64031 0.0613972 -2.47701 -2.32796 46.728 6715 2 -0.0601265 -0.00286094 0.998637 0 0 0 0 0 0 0 0 0 200 200 
27.95 3.1775 5.65454 0.0613992 -2.51641 -2.36703 46.729 6736 2 -0.061326 -0.00118981 0.997204 0 0 0 0 0 0 0 0 0 200 200 
28.01 3.16357 5.66765 0.0613961 -2.52515 -2.373 46.7279 6755 2 -0.0622857 0.000147097 0.996058 0 0 0 0 0 0 0 0 0 200 200 
28.075 3.14847 5.68181 0.0614012 -2.51149 -2.36152 46.7287 6776 2 -0.06258 0.00167376 0.995393 0 0 0 0 0 0 0 0 0 200 200 
28.135 3.1346 5.69486 0.0613943 -2.47141 -2.32183 46.7305 6795 2 -0.0628154 0.00289509 0.994861 0 0 0 0 0 0 0 0 0 200 200 
28.2 3.11948 5.70907 0.0614009 -2.48937 -2.33979 46.7287 6815 2 -0.060244 0.00368112 0.996656 0 0 0 0 0 0 0 0 0 200 200 
28.26 3.10551 5.72219 0.0613984 -2.51037 -2.3625 46.7305 6834 2 -0.058187 0.00430995 0.998093 0 0 0 0 0 0 0 0 0 200 200 
28.325 3.09042 5.73641 0.0613997 -2.52248 -2.37218 46.7256 6855 2 -0.0585308 0.00406804 0.997423 0 0 0 0 0 0 0 0 0 200 200 
28.385 3.07652 5.74946 0.0613943 -2.48946 -2.33999 46.724 6874 2 -0.0608189 0.00163546 0.997839 0 0 0 0 0 0 0 0 0 200 200 
28.45 3.06142 5.76366 0.0614002 -2.50254 -2.35437 46.7244 6895 2 -0.0626495 -0.000310604 0.998172 0 0 0 0 0 0 0 0 0 200 200 
28.51 3.04747 5.77678 0.0613974 -2.52303 -2.37328 46.7206 6914 2 -0.0620668 -0.00161834 0.996939 0 0 0 0 0 0 0 0 0 200 200 
28.575 3.03243 5.7909 0.0613994 -2.45824 -2.31118 46.7239 6935 2 -0.0616006 -0.00266453 0.995953 0 0 0 0 0 0 0 0 0 200 200 
28.635 3.01849 5.80401 0.0613963 -2.47374 -2.32496 46.7242 6954 2 -0.0597587 -0.00137534 0.998849 0 0 0 0 0 0 0 0 0 200 200 
28.7 3.00334 5.81826 0.0613964 -2.52498 -2.376 46.7218 6975 2 -0.0582852 -0.000343992 1.00117 0 0 0 0 0 0 0 0 0 200 200 
28.76 2.98944 5.8313 0.061401 -2.48458 -2.33489 46.7244 6994 2 -0.0598582 -0.000269346 0.999984 0 0 0 0 0 0 0 0 0 200 200 
28.825 2.97435 5.84548 0.0613935 -2.48716 -2.33769 46.7235 7014 2 -0.0611167 -0.000209629 0.99904 0 0 0 0 0 0 0 0 0 200 200 
28.885 2.96038 5.85863 0.0613923 -2.53112 -2.37874 46.7203 7034 2 -0.0616823 0.00121797 0.995879 0 0 0 0 0 0 0 0 0 200 200 
28.95 2.94532 5.87278 0.0613995 -2.49064 -2.34128 46.7205 7054 2 -0.0635699 0.00540211 0.997051 0 0 0 0 0 0 0 0 0 200 200 
29.01 2.93145 5.88583 0.0613922 -2.44136 -2.29533 46.7228 7073 2 -0.06508 0.00874943 0.997988 0 0 0 0 0 0 0 0 0 200 200 
29.075 2.91626 5.90013 0.0613991 -2.54433 -2.39085 46.7187 7094 2 -0.0662881 0.0114273 0.998737 0 0 0 0 0 0 0 0 0 200 200 
29.135 2.90234 5.91319 0.0613987 -2.51274 -2.36171 46.7198 7113 2 -0.0675823 0.012421 0.996792 0 0 0 0 0 0 0 0 0 200 200 
29.2 2.88726 5.92736 0.061398 -2.48701 -2.33984 46.7242 7134 2 -0.0661169 0.00910869 0.995934 0 0 0 0 0 0 0 0 0 200 200 
29.26 2.87333 5.94045 0.0613965 -2.49298 -2.34579 46.7222 7153 2 -0.0649445 0.00645884 0.995247 0 0 0 0 0 0 0 0 0 200 200 
29.325 2.85821 5.95465 0.0613982 -2.50288 -2.35326 46.7221 7174 2 -0.0640787 0.00860002 0.995202 0 0 0 0 0 0 0 0 0 200 200 
29.385 2.84432 5.96772 0.0613985 -2.4688 -2.32088 46.7209 7193 2 -0.0633861 0.010313 0.995166 0 0 0 0 0 0 0 0 0 200 200 
29.45 2.82924 5.9819 0.0613972 -2.45532 -2.30857 46.7294 7214 2 -0.0636644 0.00778057 0.995009 0 0 0 0 0 0 0 0 0 200 200 
29.51 2.81526 5.99504 0.0613959 -2.49992 -2.35089 46.7262 7233 2 -0.063887 0.00575465 0.994884 0 0 0 0 0 0 0 0 0 200 200 
29.575 2.8001 6.00927 0.0613967 -2.55244 -2.39831 46.7241 7254 2 -0.0608033 0.00549459 0.992894 0 0 0 0 0 0 0 0 0 200 200 
29.635 2.78621 6.02234 0.061401 -2.51169 -2.36179 46.7251 7273 2 -0.0615043 0.00241157 0.996055 0 0 0 0 0 0 0 0 0 200 200 
29.7 2.77113 6.03652 0.0613973 -2.49615 -2.34608 46.7247 7293 2 -0.0620651 -5.48441e-005 0.998583 0 0 0 0 0 0 0 0 0 200 200 
29.76 2.75718 6.04959 0.0613978 -2.49519 -2.34396 46.7286 7313 2 -0.0616149 -0.0044106 1.00207 0 0 0 0 0 0 0 0 0 200 200 
29.825 2.74206 6.06381 0.0613982 -2.52399 -2.37431 46.7264 7333 2 -0.0602365 -0.0041377 1.00041 0 0 0 0 0 0 0 0 0 200 200 
29.885 2.72815 6.07687 0.0614013 -2.49458 -2.34655 46.7261 7352 2 -0.0591338 -0.00391937 0.999089 0 0 0 0 0 0 0 0 0 200 200 
29.95 2.71306 6.09103 0.0613995 -2.47626 -2.32827 46.7267 7373 2 -0.0579962 -0.00777139 1.00076 0 0 0 0 0 0 0 0 0 200 200 
30.01 2.69913 6.10413 0.0614003 -2.47359 -2.32575 46.7287 7392 2 -0.0570862 -0.010853 1.0021 0 0 0 0 0 0 0 0 0 200 200 
30.075 2.68404 6.11831 0.061393 -2.473 -2.32393 46.73 7413 2 -0.0580871 -0.0116757 1.00045 0 0 0 0 0 0 0 0 0 200 200 
30.135 2.67008 6.13146 0.0613972 -2.50418 -2.35401 46.7255 7432 2 -0.0592936 -0.0104908 0.999317 0 0 0 0 0 0 0 0 0 200 200 
30.2 2.65497 6.14566 0.0613958 -2.51201 -2.36186 46.7242 7453 2 -0.0602588 -0.00954284 0.998412 0 0 0 0 0 0 0 0 0 200 200 
30.26 2.64107 6.15873 0.061402 -2.47964 -2.33098 46.7246 7472 2 -0.0603077 -0.00569408 0.998456 0 0 0 0 0 0 0 0 0 200 200 
30.325 2.62599 6.17287 0.0613965 -2.44674 -2.30203 46.7239 7493 2 -0.0603467 -0.00261507 0.998492 0 0 0 0 0 0 0 0 0 200 200 
30.385 2.612 6.18602 0.0613967 -2.4982 -2.3482 46.7236 7512 2 -0.0598406 -0.00429138 0.996313 0 0 0 0 0 0 0 0 0 200 200 
30.45 2.5969 6.20018 0.0613993 -2.48857 -2.34114 46.7275 7532 2 -0.0599131 -0.00417587 1.00008 0 0 0 0 0 0 0 0 0 200 200 
30.51 2.58298 6.21324 0.0613975 -2.45919 -2.31136 46.7278 7552 2 -0.0599711 -0.00408347 1.00309 0 0 0 0 0 0 0 0 0 200 200 
30.575 2.56784 6.22747 0.0613981 -2.49477 -2.34527 46.7231 7572 2 -0.0604749 -0.00610177 1.00242 0 0 0 0 0 0 0 0 0 200 200 
30.635 2.55387 6.24059 0.0613948 -2.52273 -2.37251 46.7193 7591 2 -0.060878 -0.00771641 1.00189 0 0 0 0 0 0 0 0 0 200 200 
30.7 2.53878 6.25477 0.0614015 -2.52127 -2.36988 46.7213 7612 2 -0.0607695 -0.00804299 1.00126 0 0 0 0 0 0 0 0 0 200 200 
30.76 2.52492 6.2678 0.0613977 -2.4486 -2.30217 46.7248 7631 2 -0.060135 -0.00690516 1.00246 0 0 0 0 0 0 0 0 0 200 200 
30.825 2.50981 6.282 0.0613997 -2.46044 -2.3121 46.7224 7652 2 -0.0596274 -0.0059949 1.00342 0 0 0 0 0 0 0 0 0 200 200 
30.885 2.49581 6.29514 0.0613988 -2.5122 -2.36295 46.722 7671 2 -0.0598278 -0.00496589 1.0012 0 0 0 0 0 0 0 0 0 200 200 
30.95 2.48075 6.30931 0.0614036 -2.48563 -2.3366 46.722 7692 2 -0.0599881 -0.00414268 0.999417 0 0 0 0 0 0 0 0 0 200 200 
31.01 2.46685 6.32238 0.0614003 -2.46121 -2.31506 46.7228 7711 2 -0.0587335 -0.00557307 0.999121 0 0 0 0 0 0 0 0 0 200 200 
31.075 2.45172 6.33661 0.061399 -2.49294 -2.34346 46.7204 7732 2 -0.0577299 -0.00671738 0.998885 0 0 0 0 0 0 0 0 0 200 200 
31.135 2.43775 6.34976 0.0614007 -2.52856 -2.37824 46.7202 7751 2 -0.0571521 -0.00763564 0.997786 0 0 0 0 0 0 0 0 0 200 200 
31.2 2.4227 6.3639 0.0613947 -2.48821 -2.33975 46.7207 7771 2 -0.0566899 -0.00837025 0.996907 0 0 0 0 0 0 0 0 0 200 200 
31.26 2.40877 6.37699 0.0614027 -2.48184 -2.33195 46.7222 7791 2 -0.0569474 -0.00649511 0.997533 0 0 0 0 0 0 0 0 0 200 200 
31.325 2.39368 6.39119 0.0613961 -2.4872 -2.33692 46.7204 7811 2 -0.0571534 -0.004995 0.998034 0 0 0 0 0 0 0 0 0 200 200 
31.385 2.37973 6.40428 0.0613993 -2.48878 -2.34187 46.7171 7830 2 -0.0581011 -0.00542118 0.999873 0 0 0 0 0 0 0 0 0 200 200 
31.45 2.36467 6.41844 0.0613952 -2.45228 -2.30886 46.7188 7851 2 -0.0588593 -0.00576212 1.00134 0 0 0 0 0 0 0 0 0 200 200 
31.51 2.35073 6.43154 0.0613976 -2.45912 -2.31306 46.7188 7870 2 -0.0584507 -0.00324319 0.998394 0 0 0 0 0 0 0 0 0 200 200 
31.575 2.3356 6.44576 0.0613985 -2.49914 -2.34936 46.7172 7891 2 -0.0583973 -0.00229208 0.997648 0 0 0 0 0 0 0 0 0 200 200 
31.635 2.32162 6.45892 0.0613971 -2.54852 -2.39657 46.7165 7910 2 -0.0583545 -0.00153118 0.997051 0 0 0 0 0 0 0 0 0 200 200 
31.7 2.30659 6.47305 0.0613961 -2.49033 -2.34168 46.7214 7931 2 -0.0571523 0.00260938 0.99934 0 0 0 0 0 0 0 0 0 200 200 
31.76 2.2927 6.48611 0.0613981 -2.45035 -2.30472 46.7239 7950 2 -0.0569785 0.00251089 0.997603 0 0 0 0 0 0 0 0 0 200 200 
31.825 2.27756 6.50035 0.0614025 -2.5015 -2.35129 46.722 7971 2 -0.0568395 0.00243209 0.996215 0 0 0 0 0 0 0 0 0 200 200 
31.885 2.26361 6.51345 0.0613973 -2.50973 -2.36031 46.7235 7990 2 -0.0569797 -0.00062309 0.994467 0 0 0 0 0 0 0 0 0 200 200 
31.95 2.2485 6.52766 0.0613949 -2.52655 -2.37681 46.7208 8011 2 -0.0570918 -0.00306723 0.993068 0 0 0 0 0 0 0 0 0 200 200 
32.015 2.23344 6.54182 0.0614017 -2.49754 -2.35034 46.7232 8031 2 -0.0570638 -0.00202565 0.994783 0 0 0 0 0 0 0 0 0 200 200 
32.075 2.21953 6.55491 0.0613961 -2.48259 -2.33358 46.7215 8050 2 -0.05704 -0.000861875 0.992867 0 0 0 0 0 0 0 0 0 200 200 
32.14 2.20443 6.56911 0.0614006 -2.49626 -2.34732 46.7195 8071 2 -0.057021 6.91427e-005 0.991335 0 0 0 0 0 0 0 0 0 200 200 
32.2 2.19049 6.58223 0.0613984 -2.50499 -2.35539 46.7184 8090 2 -0.0579778 -0.000687321 0.992156 0 0 0 0 0 0 0 0 0 200 200 
32.265 2.17541 6.59639 0.0613963 -2.4774 -2.32934 46.7206 8111 2 -0.0587433 -0.00129249 0.992812 0 0 0 0 0 0 0 0 0 200 200 
32.325 2.16147 6.6095 0.0613975 -2.49636 -2.34834 46.7207 8130 2 -0.0572205 -0.0020194 0.99268 0 0 0 0 0 0 0 0 0 200 200 
32.39 2.14636 6.6237 0.061397 -2.50555 -2.3551 46.7243 8151 2 -0.0560023 -0.00260093 0.992574 0 0 0 0 0 0 0 0 0 200 200 
32.45 2.13242 6.63676 0.061397 -2.48781 -2.33974 46.7235 8170 2 -0.0566249 -0.00270361 0.991652 0 0 0 0 0 0 0 0 0 200 200 
32.515 2.11734 6.65095 0.0613969 -2.4878 -2.33985 46.7245 8191 2 -0.057123 -0.00278575 0.990915 0 0 0 0 0 0 0 0 0 200 200 
32.575 2.10334 6.66411 0.061396 -2.55288 -2.39908 46.7252 8210 2 -0.0580159 -0.00386052 0.994106 0 0 0 0 0 0 0 0 0 200 200 
32.64 2.08828 6.67826 0.0613966 -2.52479 -2.37351 46.7279 8230 2 -0.0587303 -0.00472034 0.996658 0 0 0 0 0 0 0 0 0 200 200 
32.7 2.07445 6.69125 0.0613912 -2.43339 -2.28612 46.7308 8249 2 -0.0621454 -0.0038244 0.995708 0 0 0 0 0 0 0 0 0 200 200 
32.765 2.05926 6.70548 0.0613957 -2.48971 -2.33952 46.7323 8270 2 -0.0613713 -0.00454065 0.994082 0 0 0 0 0 0 0 0 0 200 200 
32.825 2.04527 6.71864 0.0613937 -2.54399 -2.38914 46.7308 8289 2 -0.060752 -0.00511365 0.992782 0 0 0 0 0 0 0 0 0 200 200 
32.89 2.03027 6.73274 0.0613968 -2.46012 -2.3131 46.732 8310 2 -0.064217 -0.00388827 0.992573 0 0 0 0 0 0 0 0 0 200 200 
32.95 2.01636 6.74584 0.0613983 -2.44967 -2.30317 46.7344 8329 2 -0.066989 -0.00290796 0.992405 0 0 0 0 0 0 0 0 0 200 200 
33.015 2.00117 6.76008 0.0614017 -2.52039 -2.36962 46.729 8350 2 -0.0650855 -0.0024187 0.991951 0 0 0 0 0 0 0 0 0 200 200 
33.075 1.98723 6.77317 0.0614054 -2.51369 -2.36346 46.7297 8369 2 -0.0674408 -0.00187814 0.99255 0 0 0 0 0 0 0 0 0 200 200 
33.14 1.97225 6.78727 0.0613967 -2.42263 -2.27709 46.7324 8390 2 -0.0646 0.00215032 0.994171 0 0 0 0 0 0 0 0 0 200 200 
33.2 1.95822 6.80041 0.0613994 -2.49483 -2.3474 46.7318 8409 2 -0.0623273 0.00537309 0.995468 0 0 0 0 0 0 0 0 0 200 200 
33.265 1.9431 6.81463 0.0613959 -2.51383 -2.36418 46.7308 8430 2 -0.0646067 0.0028511 0.993427 0 0 0 0 0 0 0 0 0 200 200 
33.325 1.92922 6.82766 0.0613964 -2.45771 -2.30861 46.7346 8449 2 -0.0664301 0.000833515 0.991794 0 0 0 0 0 0 0 0 0 200 200 
33.39 1.91413 6.84186 0.0613986 -2.45956 -2.31273 46.7329 8469 2 -0.0663587 0.00442951 0.994902 0 0 0 0 0 0 0 0 0 200 200 
33.45 1.90012 6.85499 0.0613944 -2.50609 -2.35633 46.73 8489 2 -0.0653975 0.00315411 0.996385 0 0 0 0 0 0 0 0 0 200 200 
33.515 1.885 6.8692 0.0613983 -2.52681 -2.37571 46.7289 8509 2 -0.0646286 0.00213378 0.997571 0 0 0 0 0 0 0 0 0 200 200 
33.575 1.87109 6.88228 0.0613982 -2.49964 -2.34915 46.732 8528 2 -0.0669805 0.00278451 0.996114 0 0 0 0 0 0 0 0 0 200 200 
33.64 1.85599 6.89643 0.0613989 -2.49259 -2.34292 46.7342 8549 2 -0.068862 0.00330509 0.994948 0 0 0 0 0 0 0 0 0 200 200 
33.7 1.84205 6.90953 0.0613997 -2.49099 -2.34047 46.7385 8568 2 -0.0705474 0.00283497 0.994949 0 0 0 0 0 0 0 0 0 200 200 
33.765 1.82696 6.92368 0.0614022 -2.46916 -2.32036 46.7409 8589 2 -0.0718958 0.00245887 0.994951 0 0 0 0 0 0 0 0 0 200 200 
33.825 1.81298 6.93681 0.0613971 -2.51495 -2.36234 46.7363 8608 2 -0.0681016 0.00231442 0.995809 0 0 0 0 0 0 0 0 0 200 200 
33.89 1.79787 6.95099 0.0614001 -2.50367 -2.35196 46.7361 8629 2 -0.0650663 0.00219886 0.996495 0 0 0 0 0 0 0 0 0 200 200 
33.95 1.78395 6.96404 0.0613935 -2.48255 -2.33326 46.7365 8648 2 -0.0629027 -0.00039194 0.99622 0 0 0 0 0 0 0 0 0 200 200 
34.015 1.76881 6.97827 0.0613972 -2.52613 -2.37358 46.7346 8669 2 -0.0603272 -0.00138266 0.999337 0 0 0 0 0 0 0 0 0 200 200 
34.075 1.75487 6.99135 0.0614001 -2.52171 -2.36993 46.7346 8688 2 -0.0582669 -0.00217524 1.00183 0 0 0 0 0 0 0 0 0 200 200 
34.14 1.73985 7.00546 0.0613962 -2.44643 -2.30006 46.7343 8708 2 -0.0566186 -0.0028093 1.00383 0 0 0 0 0 0 0 0 0 200 200 
34.2 1.72588 7.01859 0.0613986 -2.48598 -2.33726 46.7337 8728 2 -0.0563038 -0.00367189 1.00167 0 0 0 0 0 0 0 0 0 200 200 
34.265 1.71073 7.03282 0.0613962 -2.53065 -2.37836 46.7312 8748 2 -0.0554774 -0.00114989 1.00299 0 0 0 0 0 0 0 0 0 200 200 
34.325 1.69679 7.04589 0.0613932 -2.51426 -2.36318 46.7303 8768 2 -0.0548163 0.000867715 1.00404 0 0 0 0 0 0 0 0 0 200 200 
34.39 1.68176 7.06001 0.061398 -2.44997 -2.30289 46.7324 8788 2 -0.0590738 0.00245228 1.00215 0 0 0 0 0 0 0 0 0 200 200 
34.45 1.66779 7.07313 0.0614003 -2.4805 -2.33128 46.7333 8807 2 -0.0589303 0.000267728 1.00198 0 0 0 0 0 0 0 0 0 200 200 
34.515 1.65263 7.08735 0.0614013 -2.53571 -2.38331 46.7277 8828 2 -0.0588154 -0.00147991 1.00184 0 0 0 0 0 0 0 0 0 200 200 
34.575 1.63872 7.10043 0.061395 -2.51572 -2.36544 46.7284 8847 2 -0.0617754 -0.00024845 1.00103 0 0 0 0 0 0 0 0 0 200 200 
34.64 1.62366 7.11459 0.0613974 -2.4859 -2.33653 46.7254 8868 2 -0.0620024 0.00103901 0.997558 0 0 0 0 0 0 0 0 0 200 200 
34.7 1.60975 7.12767 0.0614008 -2.46896 -2.32364 46.7258 8887 2 -0.0621841 0.00206898 0.994779 0 0 0 0 0 0 0 0 0 200 200 
34.765 1.59468 7.14185 0.0613962 -2.45463 -2.30586 46.7287 8908 2 -0.0615365 0.00109823 0.991923 0 0 0 0 0 0 0 0 0 200 200 
34.825 1.5807 7.155 0.0613985 -2.50241 -2.35436 46.7274 8927 2 -0.0610184 0.000321627 0.989638 0 0 0 0 0 0 0 0 0 200 200 
34.89 1.56558 7.16919 0.0613994 -2.51191 -2.36244 46.7286 8948 2 -0.0607429 0.000756699 0.991034 0 0 0 0 0 0 0 0 0 200 200 
34.95 1.5517 7.18226 0.0613971 -2.47028 -2.32242 46.7267 8967 2 -0.0605225 0.00110476 0.992151 0 0 0 0 0 0 0 0 0 200 200 
35.015 1.5366 7.19645 0.0613986 -2.47222 -2.32683 46.7213 8987 2 -0.0612019 0.000609891 0.992443 0 0 0 0 0 0 0 0 0 200 200 
35.075 1.52263 7.20959 0.0613962 -2.51067 -2.36242 46.7217 9007 2 -0.0612202 0.001709 0.992795 0 0 0 0 0 0 0 0 0 200 200 
35.14 1.50754 7.22375 0.0613991 -2.49344 -2.34351 46.7242 9027 2 -0.0608261 0.000769729 0.995718 0 0 0 0 0 0 0 0 0 200 200 
35.2 1.49361 7.23685 0.0613991 -2.49353 -2.34504 46.7233 9046 2 -0.0605109 1.83154e-005 0.998056 0 0 0 0 0 0 0 0 0 200 200 
35.265 1.47852 7.25103 0.0614011 -2.48348 -2.33669 46.7243 9067 2 -0.058919 -0.00420116 0.996651 0 0 0 0 0 0 0 0 0 200 200 
35.325 1.46458 7.26414 0.0613978 -2.49122 -2.34172 46.7228 9086 2 -0.0576455 -0.00757674 0.995526 0 0 0 0 0 0 0 0 0 200 200 
35.39 1.4495 7.27832 0.0613987 -2.48615 -2.33666 46.7226 9107 2 -0.0578463 -0.00662854 0.996501 0 0 0 0 0 0 0 0 0 200 200 
35.45 1.43557 7.29141 0.0613971 -2.48159 -2.33416 46.7217 9126 2 -0.0569751 -0.00569439 0.997711 0 0 0 0 0 0 0 0 0 200 200 
35.515 1.42046 7.30563 0.0613981 -2.49725 -2.34968 46.7208 9147 2 -0.0562781 -0.00494706 0.99868 0 0 0 0 0 0 0 0 0 200 200 
35.575 1.40657 7.3187 0.0614002 -2.46739 -2.32114 46.7215 9166 2 -0.0597463 -0.00203946 0.998164 0 0 0 0 0 0 0 0 0 200 200 
35.64 1.39147 7.33289 0.0613982 -2.47168 -2.32389 46.722 9187 2 -0.0588815 -0.00202294 1.00012 0 0 0 0 0 0 0 0 0 200 200 
35.7 1.37747 7.34602 0.0613963 -2.51596 -2.36508 46.7201 9206 2 -0.0581896 -0.00200972 1.00169 0 0 0 0 0 0 0 0 0 200 200 
35.765 1.36237 7.36021 0.0614008 -2.51633 -2.36456 46.7243 9226 2 -0.0588034 0.00112643 1.00196 0 0 0 0 0 0 0 0 0 200 200 
35.825 1.34848 7.37327 0.0613951 -2.48125 -2.3334 46.7247 9246 2 -0.0599897 0.00410367 1.00008 0 0 0 0 0 0 0 0 0 200 200 
35.89 1.33333 7.38753 0.0613948 -2.53553 -2.38417 46.7192 9266 2 -0.0609387 0.00648546 0.998576 0 0 0 0 0 0 0 0 0 200 200 
35.95 1.31937 7.40063 0.0613932 -2.55637 -2.40292 46.7214 9285 2 -0.0621911 0.00940449 1.0002 0 0 0 0 0 0 0 0 0 200 200 
36.015 1.3043 7.41478 0.0613977 -2.52686 -2.37254 46.7235 9306 2 -0.063193 0.0117397 1.00151 0 0 0 0 0 0 0 0 0 200 200 
36.075 1.29044 7.42782 0.0613967 -2.47175 -2.32459 46.7218 9325 2 -0.0644415 0.011628 0.999509 0 0 0 0 0 0 0 0 0 200 200 
36.14 1.2753 7.44202 0.0613972 -2.50348 -2.35575 46.7185 9346 2 -0.062753 0.0111541 0.999203 0 0 0 0 0 0 0 0 0 200 200 
36.2 1.26135 7.45512 0.0613994 -2.51189 -2.36092 46.7168 9365 2 -0.0614021 0.0107749 0.998958 0 0 0 0 0 0 0 0 0 200 200 
36.265 1.24627 7.46932 0.061397 -2.50066 -2.35101 46.7143 9386 2 -0.0623163 0.0107553 0.996553 0 0 0 0 0 0 0 0 0 200 200 
36.325 1.23238 7.48238 0.0613978 -2.46869 -2.32232 46.7159 9405 2 -0.0630476 0.0107396 0.99463 0 0 0 0 0 0 0 0 0 200 200 
36.39 1.21728 7.49659 0.0614021 -2.47584 -2.32901 46.7136 9426 2 -0.0611936 0.00684113 0.99309 0 0 0 0 0 0 0 0 0 200 200 
36.45 1.20339 7.50967 0.061397 -2.45935 -2.31564 46.7105 9445 2 -0.0609817 0.00442696 0.994738 0 0 0 0 0 0 0 0 0 200 200 
36.515 1.18825 7.5239 0.0613968 -2.49781 -2.35013 46.7085 9465 2 -0.0595964 0.00382943 0.996096 0 0 0 0 0 0 0 0 0 200 200 
36.575 1.1743 7.53704 0.0613991 -2.53131 -2.38244 46.7076 9485 2 -0.0584882 0.0033514 0.997182 0 0 0 0 0 0 0 0 0 200 200 
36.64 1.15927 7.55117 0.0613999 -2.47416 -2.32865 46.7098 9505 2 -0.0586566 0.00539266 1.0011 0 0 0 0 0 0 0 0 0 200 200 
36.7 1.1454 7.56427 0.0613996 -2.4432 -2.29962 46.71 9524 2 -0.057592 0.00438702 1.00075 0 0 0 0 0 0 0 0 0 200 200 
36.765 1.13022 7.57856 0.0613991 -2.53364 -2.38272 46.7051 9545 2 -0.0567403 0.0035825 1.00046 0 0 0 0 0 0 0 0 0 200 200 
36.825 1.11631 7.59164 0.0613987 -2.5145 -2.36592 46.7039 9564 2 -0.0587757 0.00119002 0.998099 0 0 0 0 0 0 0 0 0 200 200 
36.89 1.10127 7.60577 0.0613934 -2.46107 -2.3154 46.7086 9585 2 -0.0604041 -0.000723967 0.996207 0 0 0 0 0 0 0 0 0 200 200 
36.95 1.08732 7.6189 0.061398 -2.48242 -2.33747 46.7069 9604 2 -0.0581005 -0.00328288 1.00075 0 0 0 0 0 0 0 0 0 200 200 
37.015 1.07218 7.63312 0.0613978 -2.52844 -2.3782 46.7077 9625 2 -0.0588164 -0.00250897 1.00058 0 0 0 0 0 0 0 0 0 200 200 
37.075 1.05828 7.6462 0.061395 -2.49542 -2.34721 46.7068 9644 2 -0.0613683 -0.00124623 0.997207 0 0 0 0 0 0 0 0 0 200 200 
37.14 1.04318 7.66039 0.0613976 -2.50197 -2.35548 46.704 9665 2 -0.0634098 -0.000236035 0.994507 0 0 0 0 0 0 0 0 0 200 200 
37.2 1.02924 7.67348 0.0614004 -2.50694 -2.35878 46.7057 9684 2 -0.0623193 0.000240756 0.995834 0 0 0 0 0 0 0 0 0 200 200 
37.265 1.0142 7.68763 0.0613934 -2.46505 -2.31908 46.7065 9704 2 -0.0614468 0.000622188 0.996896 0 0 0 0 0 0 0 0 0 200 200 
37.325 1.00026 7.70077 0.0614045 -2.48266 -2.3374 46.7042 9724 2 -0.0589101 0.00245515 0.99529 0 0 0 0 0 0 0 0 0 200 200 
37.39 0.985189 7.71493 0.0613952 -2.46479 -2.31869 46.7082 9744 2 -0.0568806 0.00392152 0.994006 0 0 0 0 0 0 0 0 0 200 200 
37.45 0.971188 7.7281 0.0614018 -2.53105 -2.38105 46.7025 9763 2 -0.0592227 0.00509509 0.9956 0 0 0 0 0 0 0 0 0 200 200 
37.515 0.956163 7.74223 0.0613971 -2.46218 -2.31555 46.703 9784 2 -0.0574723 0.00838813 0.998867 0 0 0 0 0 0 0 0 0 200 200 
37.575 0.942216 7.75535 0.0614002 -2.48371 -2.33736 46.7005 9803 2 -0.0560721 0.0110226 1.00148 0 0 0 0 0 0 0 0 0 200 200 
37.64 0.927077 7.76957 0.0613928 -2.51935 -2.37123 46.6984 9824 2 -0.0539743 0.00860559 1.00233 0 0 0 0 0 0 0 0 0 200 200 
37.7 0.913128 7.78271 0.061398 -2.54309 -2.39288 46.6982 9843 2 -0.0522961 0.00667202 1.003 0 0 0 0 0 0 0 0 0 200 200 
37.765 0.898093 7.79682 0.0614002 -2.4762 -2.33017 46.7021 9864 2 -0.0557802 0.00843618 1.00045 0 0 0 0 0 0 0 0 0 200 200 
37.825 0.8842 7.80992 0.0613965 -2.45108 -2.30726 46.7025 9883 2 -0.0585675 0.00984752 0.998404 0 0 0 0 0 0 0 0 0 200 200 
37.89 0.869057 7.82417 0.0613975 -2.50413 -2.35623 46.7007 9904 2 -0.0586779 0.0131023 0.997454 0 0 0 0 0 0 0 0 0 200 200 
37.95 0.855072 7.83733 0.0613944 -2.55452 -2.40431 46.6997 9923 2 -0.0587663 0.0157062 0.996694 0 0 0 0 0 0 0 0 0 200 200 
38.015 0.840016 7.85147 0.061393 -2.51873 -2.36906 46.6991 9944 2 -0.0596047 0.0183667 0.995404 0 0 0 0 0 0 0 0 0 200 200 
38.075 0.826131 7.86454 0.061397 -2.4775 -2.33179 46.6991 9963 2 -0.0597286 0.0142279 0.993158 0 0 0 0 0 0 0 0 0 200 200 
38.14 0.811007 7.87875 0.0613987 -2.50621 -2.36004 46.6982 9983 2 -0.0598277 0.0109169 0.991361 0 0 0 0 0 0 0 0 0 200 200 
38.2 0.79709 7.89186 0.0613952 -2.51489 -2.36583 46.6946 10002 2 -0.0600047 0.00887692 0.992457 0 0 0 0 0 0 0 0 0 200 200 
38.265 0.782 7.90606 0.061398 -2.51661 -2.36737 46.6932 10023 2 -0.0607742 0.012422 0.998256 0 0 0 0 0 0 0 0 0 200 200 
38.325 0.7681 7.91911 0.0613989 -2.47413 -2.32796 46.695 10042 2 -0.0613898 0.0152581 1.00289 0 0 0 0 0 0 0 0 0 200 200 
38.39 0.75301 7.93331 0.0613957 -2.47823 -2.33077 46.6949 10063 2 -0.0577027 0.0137041 1.00262 0 0 0 0 0 0 0 0 0 200 200 
38.45 0.739022 7.94647 0.0613959 -2.5395 -2.3926 46.6898 10082 2 -0.0585766 0.0131098 1.00222 0 0 0 0 0 0 0 0 0 200 200 
38.515 0.723937 7.96068 0.061399 -2.53642 -2.38657 46.6947 10103 2 -0.0592757 0.0126344 1.0019 0 0 0 0 0 0 0 0 0 200 200 
38.575 0.710093 7.9737 0.0613961 -2.45425 -2.31021 46.6996 10122 2 -0.0598349 0.0122541 1.00164 0 0 0 0 0 0 0 0 0 200 200 
38.64 0.694993 7.98787 0.0613958 -2.46011 -2.31611 46.7006 10143 2 -0.0589239 0.0101735 0.998389 0 0 0 0 0 0 0 0 0 200 200 
38.7 0.680984 8.00106 0.0613966 -2.53618 -2.38835 46.6956 10162 2 -0.0576352 0.0105456 1.0007 0 0 0 0 0 0 0 0 0 200 200 
38.765 0.665904 8.01523 0.0614037 -2.51458 -2.36637 46.6955 10183 2 -0.0566042 0.0108433 1.00255 0 0 0 0 0 0 0 0 0 200 200 
38.825 0.65204 8.02828 0.0613959 -2.45348 -2.30793 46.6984 10202 2 -0.058544 0.0107246 1.00165 0 0 0 0 0 0 0 0 0 200 200 
38.89 0.636895 8.04252 0.0613977 -2.4976 -2.35138 46.6954 10222 2 -0.0581567 0.00862137 1.00522 0 0 0 0 0 0 0 0 0 200 200 
38.95 0.62292 8.05568 0.0614002 -2.54411 -2.39494 46.69 10242 2 -0.0578469 0.00693881 1.00807 0 0 0 0 0 0 0 0 0 200 200 
39.015 0.6079 8.06982 0.061399 -2.48444 -2.34004 46.6897 10262 2 -0.0596259 0.00558726 1.00597 0 0 0 0 0 0 0 0 0 200 200 
39.075 0.594028 8.08289 0.0613972 -2.44809 -2.30577 46.691 10281 2 -0.0589954 0.00538587 1.00439 0 0 0 0 0 0 0 0 0 200 200 
39.14 0.578873 8.09715 0.061402 -2.49761 -2.35114 46.6889 10302 2 -0.058491 0.00522476 1.00312 0 0 0 0 0 0 0 0 0 200 200 
39.2 0.564956 8.11025 0.0613991 -2.48847 -2.34285 46.6889 10321 2 -0.0600461 0.00224526 0.998673 0 0 0 0 0 0 0 0 0 200 200 
39.265 0.549876 8.12442 0.0613961 -2.47256 -2.32636 46.6911 10342 2 -0.0612901 -0.000138341 0.995116 0 0 0 0 0 0 0 0 0 200 200 
39.325 0.53593 8.13756 0.0613973 -2.48879 -2.34351 46.692 10361 2 -0.0612069 -0.00442096 0.997607 0 0 0 0 0 0 0 0 0 200 200 
39.39 0.520829 8.15177 0.0613991 -2.50015 -2.35402 46.6929 10382 2 -0.0624634 -0.00355779 0.998956 0 0 0 0 0 0 0 0 0 200 200 
39.45 0.506875 8.16489 0.0613963 -2.52371 -2.37531 46.6915 10401 2 -0.0634686 -0.00286725 1.00004 0 0 0 0 0 0 0 0 0 200 200 
39.515 0.491789 8.17907 0.0613993 -2.50279 -2.35689 46.6908 10422 2 -0.0629518 -0.00364498 1.00047 0 0 0 0 0 0 0 0 0 200 200 
39.575 0.477885 8.19214 0.0613954 -2.4865 -2.34118 46.6936 10441 2 -0.0612153 0.00124856 0.999151 0 0 0 0 0 0 0 0 0 200 200 
39.64 0.46277 8.20637 0.0613991 -2.5089 -2.36122 46.6928 10461 2 -0.0598261 0.0051634 0.998097 0 0 0 0 0 0 0 0 0 200 200 
39.7 0.448862 8.21948 0.0613954 -2.50817 -2.36112 46.6886 10481 2 -0.0577718 0.00293815 1.00108 0 0 0 0 0 0 0 0 0 200 200 
39.765 0.433824 8.23362 0.061397 -2.46314 -2.31961 46.6916 10501 2 -0.0561283 0.00115796 1.00347 0 0 0 0 0 0 0 0 0 200 200 
39.825 0.419877 8.24676 0.0614019 -2.49091 -2.34362 46.6887 10520 2 -0.0552248 0.0052473 1.0026 0 0 0 0 0 0 0 0 0 200 200 
39.89 0.404785 8.26096 0.0613989 -2.49658 -2.34975 46.6861 10541 2 -0.05658 -0.00220893 1.00283 0 0 0 0 0 0 0 0 0 200 200 
39.95 0.390916 8.27403 0.0613954 -2.45401 -2.30952 46.6892 10560 2 -0.0576642 -0.00817392 1.00302 0 0 0 0 0 0 0 0 0 200 200 
40.015 0.375815 8.28825 0.0613984 -2.47134 -2.32511 46.6862 10581 2 -0.056851 -0.00560502 1.00106 0 0 0 0 0 0 0 0 0 200 200 
40.075 0.361866 8.30137 0.0613977 -2.48986 -2.34398 46.6855 10600 2 -0.0562004 -0.0035499 0.999492 0 0 0 0 0 0 0 0 0 200 200 
40.14 0.346762 8.31557 0.0614016 -2.50768 -2.35943 46.6847 10621 2 -0.0564852 -0.00444842 1.00194 0 0 0 0 0 0 0 0 0 200 200 
