1.005 5.00311 2.50295 0.0614205 1.39882 -1.3927 -45.1186 0 0 -0.0527608 -0.000888682 1.00255 0 0 0 0 0 0 0 0 0 0 0 
1.07 5.00312 2.50297 0.0614196 1.39323 -1.38827 -45.1203 0 0 -0.0484057 0.0035368 1.00068 0 0 0 0 0 0 0 0 0 0 0 
1.13 5.00314 2.50298 0.0614154 1.3972 -1.3916 -45.1172 0 0 -0.0451033 0.00430659 1.00028 0 0 0 0 0 0 0 0 0 200 200 
1.195 5.00964 2.50951 0.0613958 0.394064 -0.392367 -45.1636 9 0 -0.0424614 0.00492243 0.999968 0 0 0 0 0 0 0 0 0 200 200 
1.255 5.02281 2.52262 0.0614072 0.0671977 -0.0686587 -45.1636 28 0 -0.0138385 0.00423427 0.998909 0 0 0 0 0 0 0 0 0 200 200 
1.32 5.03931 2.53905 0.0614745 1.76125 -1.75131 -45.1387 51 0 0.0090598 0.00368374 0.998062 0 0 0 0 0 0 0 0 0 200 200 
1.38 5.05242 2.55211 0.061407 1.32259 -1.31551 -45.1487 70 0 0.00626746 0.00648823 0.994686 0 0 0 0 0 0 0 0 0 200 200 
1.445 5.06722 2.56682 0.0614094 1.44485 -1.43941 -45.144 90 0 0.00298585 0.00426083 0.996135 0 0 0 0 0 0 0 0 0 200 200 
1.505 5.08121 2.58075 0.0614173 1.82164 -1.81252 -45.1221 110 0 0.000360569 0.00247891 0.997294 0 0 0 0 0 0 0 0 0 200 200 
1.57 5.0962 2.59572 0.0613944 2.14584 -2.13666 -45.0951 131 0 -0.00506326 0.00494989 0.993224 0 0 0 0 0 0 0 0 0 200 200 
1.63 5.11035 2.60982 0.061396 2.70269 -2.69166 -45.0694 151 0 -0.00940233 0.00692667 0.989967 0 0 0 0 0 0 0 0 0 200 200 
1.695 5.12485 2.62426 0.0614051 2.50919 -2.50035 -45.0765 172 0 -0.0269569 0.00571966 0.992621 0 0 0 0 0 0 0 0 0 200 200 
1.755 5.138 2.63735 0.061395 2.1506 -2.14118 -45.092 190 0 -0.0279119 0.000930984 0.992879 0 0 0 0 0 0 0 0 0 200 200 
1.82 5.15295 2.6522 0.061398 2.39802 -2.39137 -45.084 211 0 -0.0286759 -0.00289996 0.993084 0 0 0 0 0 0 0 0 0 200 200 
1.88 5.16674 2.66591 0.0614032 2.60049 -2.59123 -45.0778 231 0 -0.0354722 -0.00194105 0.990983 0 0 0 0 0 0 0 0 0 200 200 
1.945 5.18116 2.68029 0.061394 2.36595 -2.35781 -45.0876 251 0 -0.0395462 -0.00489096 0.989497 0 0 0 0 0 0 0 0 0 200 200 
2.01 5.19583 2.6949 0.0613991 2.36056 -2.35226 -45.0892 272 0 -0.0428054 -0.00725088 0.988309 0 0 0 0 0 0 0 0 0 200 200 
2.075 5.21066 2.70966 0.0613985 2.50211 -2.49377 -45.0872 293 0 -0.0461582 -0.00847243 0.988858 0 0 0 0 0 0 0 0 0 200 200 
2.14 5.22534 2.72426 0.061398 2.4911 -2.48032 -45.0889 314 0 -0.0525412 -0.00373261 0.988326 0 0 0 0 0 0 0 0 0 200 200 
2.2 5.23878 2.73763 0.0613888 2.39027 -2.37876 -45.0958 333 0 -0.0576475 5.92396e-005 0.9879 0 0 0 0 0 0 0 0 0 200 200 
2.265 5.2535 2.75227 0.061399 2.41381 -2.40319 -45.0954 353 0 -0.0594732 0.00102895 0.990943 0 0 0 0 0 0 0 0 0 200 200 
2.325 5.26707 2.76574 0.061396 2.41301 -2.40532 -45.0935 372 0 -0.0609338 0.00180472 0.993377 0 0 0 0 0 0 0 0 0 200 200 
2.39 5.28178 2.78039 0.0613976 2.44285 -2.43461 -45.0914 393 0 -0.0605491 0.000891722 0.995997 0 0 0 0 0 0 0 0 0 200 200 
2.45 5.29278 2.78431 0.0613764 1.40793 -1.44761 -44.0552 405 1 0.00350681 0.0346924 0.992999 1 0 0 0 0 0 0 0 0 -200 -200 
2.515 5.29732 2.77862 0.0614155 2.97343 -3.3424 -41.5371 412 4 -0.0512665 0.0305155 0.98406 1 0 0 0 0 0 0 0 0 -200 -200 
2.575 5.295 2.76799 0.0613781 3.52575 -4.20105 -39.8409 423 5 -0.10121 0.0339625 0.98811 0 0 0 0 0 0 0 0 0 -200 -200 
2.64 5.28454 2.75174 0.0614118 2.11578 -2.57533 -39.228 442 6 -0.141164 0.03672 0.99135 0 0 0 0 0 0 0 0 0 -200 -200 
2.7 5.27111 2.73539 0.0613956 0.93196 -1.14312 -39.2547 464 6 -0.120148 0.0332377 0.990195 0 0 0 0 0 0 0 0 0 -200 -200 
2.765 5.2586 2.72007 0.0614329 1.43563 -1.75963 -39.2415 483 6 -0.110112 0.0225427 0.991131 0 0 0 0 0 0 0 0 0 -200 -200 
2.825 5.24626 2.70498 0.0614114 1.16884 -1.43236 -39.2511 503 6 -0.102083 0.0139867 0.99188 0 0 0 0 0 0 0 0 0 -200 -200 
2.89 5.23327 2.68908 0.0614187 1.26126 -1.54413 -39.2488 523 6 -0.086489 0.0126777 0.993521 0 0 0 0 0 0 0 0 0 -200 -200 
2.95 5.22124 2.67433 0.0614196 1.26695 -1.55097 -39.2512 542 6 -0.0768291 0.0115569 0.994154 0 0 0 0 0 0 0 0 0 -200 -200 
3.015 5.20812 2.65827 0.0614179 1.2308 -1.50905 -39.252 563 6 -0.0659398 0.00994572 0.995737 0 0 0 0 0 0 0 0 0 -200 -200 
3.075 5.1961 2.64355 0.0614207 1.26798 -1.55382 -39.2522 582 6 -0.0572283 0.00865678 0.997003 0 0 0 0 0 0 0 0 0 -200 -200 
3.14 5.18298 2.62752 0.061416 1.23788 -1.51613 -39.2494 603 6 -0.0516218 0.00540446 0.996122 0 0 0 0 0 0 0 0 0 -200 -200 
3.205 5.1699 2.61155 0.0614175 1.24651 -1.52689 -39.2489 623 6 -0.0503871 0.00307877 0.995688 0 0 0 0 0 0 0 0 0 -200 -200 
3.27 5.15685 2.59556 0.0614182 1.25672 -1.5389 -39.2524 644 6 -0.0493993 0.00121822 0.995341 0 0 0 0 0 0 0 0 0 -200 -200 
3.335 5.14376 2.57953 0.0614196 1.23982 -1.51896 -39.2541 665 6 -0.0465379 -0.00168061 0.997481 0 0 0 0 0 0 0 0 0 -200 -200 
3.4 5.13073 2.56355 0.0614183 1.26391 -1.54707 -39.2548 685 6 -0.0440908 -0.00456943 0.997121 0 0 0 0 0 0 0 0 0 -200 -200 
3.46 5.11862 2.54877 0.0614158 1.24257 -1.52102 -39.2544 705 6 -0.042133 -0.00688048 0.996832 0 0 0 0 0 0 0 0 0 -200 -200 
3.525 5.10553 2.53281 0.061417 1.24846 -1.52919 -39.2542 725 6 -0.0385044 -0.00617072 0.999076 0 0 0 0 0 0 0 0 0 -200 -200 
3.585 5.09346 2.51806 0.0614162 1.24645 -1.52787 -39.2574 744 6 -0.040005 -0.00440229 0.997358 0 0 0 0 0 0 0 0 0 -200 -200 
3.65 5.08038 2.50204 0.0614191 1.24105 -1.51908 -39.2594 765 6 -0.0412054 -0.00298754 0.995983 0 0 0 0 0 0 0 0 0 -200 -200 
3.715 5.06731 2.48607 0.0614175 1.25484 -1.53841 -39.2553 786 6 -0.0389236 -0.00224852 0.996231 0 0 0 0 0 0 0 0 0 -200 -200 
3.78 5.05422 2.47006 0.0614181 1.24153 -1.51887 -39.2528 806 6 -0.0394807 -0.00392784 0.996208 0 0 0 0 0 0 0 0 0 -200 -200 
3.845 5.04118 2.45407 0.0614242 1.25769 -1.54107 -39.2507 827 6 -0.0399264 -0.0052713 0.996189 0 0 0 0 0 0 0 0 0 -200 -200 
3.91 5.02808 2.43804 0.0614175 1.23653 -1.51455 -39.2534 848 6 -0.0396149 -0.00415928 0.995305 0 0 0 0 0 0 0 0 0 -200 -200 
3.97 5.01603 2.42331 0.0614189 1.25932 -1.5407 -39.2563 867 6 -0.0393658 -0.00326965 0.994598 0 0 0 0 0 0 0 0 0 -200 -200 
4.035 5.00294 2.40729 0.061417 1.24248 -1.52135 -39.2552 887 6 -0.0392334 -0.000160742 0.996627 0 0 0 0 0 0 0 0 0 -200 -200 
4.1 4.98986 2.39131 0.0614183 1.24454 -1.52401 -39.2568 908 6 -0.0379977 -0.00385114 0.999707 0 0 0 0 0 0 0 0 0 100 -100 
4.165 4.98213 2.38145 0.0613993 0.605639 -0.727516 -39.7939 920 5 -0.0370091 -0.00680346 1.00217 0 0 0 0 0 0 0 0 0 100 -100 
4.23 4.98061 2.37957 0.0613978 0.946407 -0.998804 -43.5464 923 2 0.00839857 -0.006197 1.00288 0 0 0 0 0 0 0 0 0 100 -100 
4.295 4.98141 2.38029 0.061416 1.87938 -1.66592 -48.4563 924 -3 0.0447247 -0.00571182 1.00344 0 0 0 0 0 0 0 0 0 100 -100 
4.36 4.98168 2.38035 0.0614077 1.69608 -1.26623 -53.288 924 -8 0.0228053 -0.00197619 1.002 0 0 0 0 0 0 0 0 0 100 -100 
4.425 4.98202 2.38044 0.0614178 2.00674 -1.25906 -57.8608 925 -13 0.00426706 -0.00226153 1.00197 0 0 0 0 0 0 0 0 0 100 -100 
4.485 4.98218 2.38043 0.0614146 2.09618 -1.108 -62.0941 925 -17 -0.0105635 -0.00248981 1.00194 0 0 0 0 0 0 0 0 0 100 -100 
4.55 4.9823 2.38038 0.0614123 2.20192 -0.947678 -66.677 925 -22 -0.0224279 -0.00267243 1.00192 0 0 0 0 0 0 0 0 0 100 -100 
4.61 4.98252 2.38036 0.0614097 2.34944 -0.809854 -70.9384 925 -26 -0.0345072 -0.00286909 0.999579 0 0 0 0 0 0 0 0 0 100 -100 
4.675 4.98268 2.38024 0.0614137 2.42788 -0.623092 -75.5697 925 -30 -0.0306107 -0.00527276 0.999752 0 0 0 0 0 0 0 0 0 100 -100 
4.74 4.98271 2.38014 0.0614091 2.45851 -0.420786 -80.2439 925 -35 -0.0274934 -0.00719569 0.999891 0 0 0 0 0 0 0 0 0 100 -100 
4.805 4.98298 2.38006 0.0614134 2.55935 -0.228577 -84.8551 926 -40 -0.031178 -0.00525765 0.999672 0 0 0 0 0 0 0 0 0 100 -100 
4.87 4.98309 2.37997 0.0614114 2.61464 -0.0230706 -89.4213 926 -44 -0.0380799 0.00169889 0.994812 0 0 0 0 0 0 0 0 0 100 -100 
4.935 4.98311 2.37988 0.0614027 2.56494 0.178998 -93.9656 926 -49 -0.0365481 0.00131253 0.993537 0 0 0 0 0 0 0 0 0 100 -100 
5 4.98331 2.37975 0.0614126 2.67333 0.402301 -98.5165 926 -53 -0.0353227 0.00100344 0.992518 0 0 0 0 0 0 0 0 0 100 -100 
5.065 4.98338 2.37965 0.0614044 2.63431 0.611669 -103.077 926 -58 -0.0399808 0.0069664 0.994895 0 0 0 0 0 0 0 0 0 100 -100 
5.13 4.9833 2.37957 0.0614034 2.37114 0.756222 -107.695 926 -63 -0.0393961 0.00757434 0.996367 0 0 0 0 0 0 0 0 0 100 -100 
5.195 4.98353 2.37938 0.0614097 2.56406 1.05252 -112.287 927 -67 -0.0389283 0.00806069 0.997545 0 0 0 0 0 0 0 0 0 100 -100 
5.255 4.98365 2.37928 0.0614124 2.33461 1.17098 -116.607 927 -71 -0.0397858 0.00128764 0.996626 0 0 0 0 0 0 0 0 0 100 -100 
5.32 4.9836 2.3792 0.0614105 2.20328 1.33626 -121.231 927 -76 -0.0404718 -0.00413081 0.995891 0 0 0 0 0 0 0 0 0 100 -100 
5.38 4.98365 2.37905 0.0614112 2.11141 1.50439 -125.478 927 -80 -0.0423081 -0.00572226 0.9975 0 0 0 0 0 0 0 0 0 100 -100 
5.445 4.98363 2.37895 0.061408 1.97522 1.66141 -130.042 927 -85 -0.0405805 -0.00519466 0.997619 0 0 0 0 0 0 0 0 0 200 200 
5.505 4.98886 2.37393 0.0613957 0.89706 0.855833 -133.701 934 -89 -0.0391984 -0.00477258 0.997714 0 0 0 0 0 0 0 0 0 200 200 
5.57 5.00188 2.36115 0.0614027 0.41935 0.40867 -134.477 952 -89 0.0136793 -0.00280624 0.997524 0 0 0 0 0 0 0 0 0 200 200 
5.635 5.01834 2.345 0.0613882 2.02906 1.9911 -134.512 976 -89 0.0235882 -0.000601326 0.99831 0 0 0 0 0 0 0 0 0 200 200 
5.7 5.03487 2.32872 0.061393 3.62515 3.55985 -134.594 999 -89 0.0315154 0.0011626 0.998938 0 0 0 0 0 0 0 0 0 200 200 
5.765 5.04869 2.3151 0.0614072 2.72545 2.6781 -134.546 1018 -89 -0.0165998 0.00134382 0.99296 0 0 0 0 0 0 0 0 0 200 200 
5.83 5.06233 2.3017 0.061383 1.71351 1.6768 -134.507 1037 -89 -0.0172479 0.00420528 0.993483 0 0 0 0 0 0 0 0 0 200 200 
5.895 5.07796 2.28635 0.0613979 2.50939 2.46733 -134.541 1059 -89 -0.0177664 0.00649445 0.993901 0 0 0 0 0 0 0 0 0 200 200 
5.96 5.09314 2.27144 0.0614029 2.86062 2.81299 -134.558 1080 -89 -0.0423142 0.00568348 0.987061 0 0 0 0 0 0 0 0 0 200 200 
6.025 5.10731 2.25755 0.0613958 2.28581 2.24549 -134.532 1100 -89 -0.0619524 0.00503471 0.981589 0 0 0 0 0 0 0 0 0 200 200 
6.09 5.12201 2.24311 0.061395 2.22766 2.18622 -134.526 1121 -89 -0.0528194 0.00216095 0.984067 0 0 0 0 0 0 0 0 0 200 200 
6.15 5.13603 2.22934 0.0614016 2.56711 2.5211 -134.541 1141 -89 -0.0544911 0.000114688 0.987299 0 0 0 0 0 0 0 0 0 200 200 
6.215 5.15082 2.21482 0.0614052 2.56514 2.52255 -134.546 1161 -89 -0.0558285 -0.00152232 0.989885 0 0 0 0 0 0 0 0 0 200 200 
6.275 5.16418 2.20171 0.0613955 2.30167 2.26148 -134.538 1180 -89 -0.0594365 -0.00143758 0.993966 0 0 0 0 0 0 0 0 0 200 200 
6.34 5.17907 2.18709 0.0613942 2.4024 2.35653 -134.54 1201 -89 -0.0623229 -0.00136979 0.99723 0 0 0 0 0 0 0 0 0 200 200 
6.405 5.19399 2.17245 0.0613989 2.52471 2.48036 -134.546 1222 -89 -0.0602117 -0.00317026 0.998752 0 0 0 0 0 0 0 0 0 200 200 
6.47 5.2087 2.158 0.0613995 2.46413 2.42251 -134.542 1242 -89 -0.0612162 0.00293612 0.997879 0 0 0 0 0 0 0 0 0 200 200 
6.535 5.22337 2.14358 0.0613961 2.37533 2.33261 -134.536 1263 -89 -0.0620198 0.00782123 0.99718 0 0 0 0 0 0 0 0 0 200 200 
6.6 5.23826 2.12898 0.0613978 2.45917 2.4177 -134.536 1284 -89 -0.0618753 0.0067979 0.995397 0 0 0 0 0 0 0 0 0 200 200 
6.665 5.25307 2.11443 0.0613952 2.48741 2.44141 -134.537 1305 -89 -0.0616186 0.0071747 0.995952 0 0 0 0 0 0 0 0 0 200 200 
6.73 5.26778 2.09996 0.061399 2.43045 2.39005 -134.536 1325 -89 -0.0627407 0.00485933 0.998832 0 0 0 0 0 0 0 0 0 200 200 
6.795 5.28253 2.08547 0.061398 2.40806 2.36644 -134.54 1346 -89 -0.0636384 0.00300703 1.00114 0 0 0 0 0 0 0 0 0 200 200 
6.86 5.29734 2.07093 0.0613988 2.43602 2.39554 -134.543 1367 -89 -0.0616436 -0.00101866 1.0019 0 0 0 0 0 0 0 0 0 200 200 
6.92 5.31099 2.05752 0.0613956 2.44968 2.40633 -134.541 1386 -89 -0.0600477 -0.0042392 1.00252 0 0 0 0 0 0 0 0 0 200 200 
6.985 5.32577 2.04302 0.0613975 2.44155 2.39971 -134.543 1406 -89 -0.0603726 -0.00262924 1.00093 0 0 0 0 0 0 0 0 0 200 200 
7.045 5.3394 2.02961 0.0613966 2.44321 2.40182 -134.543 1426 -89 -0.058683 -0.00122975 0.99996 0 0 0 0 0 0 0 0 0 200 200 
7.11 5.3542 2.01508 0.0613963 2.46208 2.42115 -134.542 1446 -89 -0.0573312 -0.000110161 0.999188 0 0 0 0 0 0 0 0 0 -100 100 
7.17 5.36429 2.00526 0.0614037 3.31089 3.25258 -134.557 1460 -89 -0.11028 -0.00151823 0.9962 0 0 0 0 0 0 0 0 0 -100 100 
7.235 5.36972 1.99998 0.0614083 3.33868 3.12614 -133.201 1468 -88 -0.137286 -0.00040486 0.989687 0 0 0 0 0 0 0 0 0 -100 100 
7.3 5.37048 1.99872 0.0613965 2.666 2.19645 -129.523 1469 -84 -0.148372 -0.00308661 0.993733 0 0 0 0 0 0 0 0 0 -100 100 
7.365 5.37018 1.99898 0.0613943 2.64599 1.83758 -124.861 1470 -80 -0.15724 -0.00523201 0.99697 0 0 0 0 0 0 0 0 0 -100 100 
7.43 5.37043 1.99891 0.0614028 2.94846 1.71467 -120.275 1470 -75 -0.131731 -0.00135297 1.00091 0 0 0 0 0 0 0 0 0 -100 100 
7.495 5.37037 1.99918 0.0614145 2.71487 1.29749 -115.616 1470 -70 -0.12044 -0.00355312 1.00178 0 0 0 0 0 0 0 0 0 -100 100 
7.56 5.37006 1.99946 0.0614049 2.43057 0.929984 -111.001 1471 -66 -0.111407 -0.00531324 1.00247 0 0 0 0 0 0 0 0 0 -100 100 
7.625 5.37018 1.9995 0.0614099 2.6262 0.769512 -106.411 1471 -61 -0.0967116 -0.004454 1.00258 0 0 0 0 0 0 0 0 0 -100 100 
7.69 5.37017 1.99964 0.0614138 2.59429 0.536736 -101.78 1471 -57 -0.086617 -0.00507123 1.00249 0 0 0 0 0 0 0 0 0 -100 100 
7.755 5.37025 1.99978 0.0614094 2.55285 0.317289 -97.1534 1471 -52 -0.0785413 -0.00556502 1.00241 0 0 0 0 0 0 0 0 0 -100 100 
7.815 5.37046 1.99987 0.0614132 2.6667 0.131225 -92.8907 1471 -48 -0.0633259 -0.000387131 1.00116 0 0 0 0 0 0 0 0 0 -100 100 
7.88 5.37054 1.99996 0.0614165 2.63952 -0.0810132 -88.3289 1472 -43 -0.0651498 0.0013489 1.00374 0 0 0 0 0 0 0 0 0 -100 100 
7.94 5.37052 2.00006 0.0614026 2.59886 -0.270044 -84.1302 1472 -39 -0.0666089 0.00273773 1.00581 0 0 0 0 0 0 0 0 0 -100 100 
8.005 5.37071 2.0002 0.0614082 2.69299 -0.499984 -79.5668 1472 -34 -0.0607038 0.00367348 1.00516 0 0 0 0 0 0 0 0 0 -100 100 
8.07 5.37087 2.00029 0.0614077 2.66079 -0.717118 -74.9715 1472 -30 -0.0540726 -0.00438836 1.00216 0 0 0 0 0 0 0 0 0 -100 100 
8.13 5.37092 2.00038 0.061404 2.50332 -0.87917 -70.7039 1472 -26 -0.0487677 -0.0108378 0.999753 0 0 0 0 0 0 0 0 0 -100 100 
8.195 5.37105 2.00051 0.0614096 2.47574 -1.0994 -66.1076 1472 -21 -0.0518174 -0.0138058 0.995373 0 0 0 0 0 0 0 0 0 -100 100 
8.255 5.37114 2.00058 0.061406 2.3141 -1.24131 -61.8247 1472 -17 -0.0542572 -0.0161802 0.991869 0 0 0 0 0 0 0 0 0 -100 100 
8.32 5.37109 2.00064 0.0614112 2.16645 -1.39781 -57.2534 1472 -12 -0.0555314 -0.00762073 0.996533 0 0 0 0 0 0 0 0 0 -100 100 
8.38 5.37112 2.00077 0.0614149 2.04833 -1.54677 -53.0144 1473 -8 -0.0538184 -0.00781432 0.995893 0 0 0 0 0 0 0 0 0 -100 100 
8.445 5.3712 2.00093 0.0614116 1.90312 -1.693 -48.3944 1473 -3 -0.052448 -0.0079692 0.995381 0 0 0 0 0 0 0 0 0 -100 100 
8.505 5.37122 2.00106 0.0614104 1.77829 -1.83415 -44.1636 1473 1 -0.0511937 -0.00572719 0.995753 0 0 0 0 0 0 0 0 0 200 200 
8.57 5.37689 2.00721 0.0613995 0.705343 -0.832709 -40.2707 1481 5 0.0126047 0.00291668 0.999302 0 0 0 0 0 0 0 0 0 200 200 
8.63 5.38785 2.02033 0.0614057 0.308684 -0.371924 -39.6682 1498 5 0.0636434 0.00983178 1.00214 0 0 0 0 0 0 0 0 0 200 200 
8.695 5.40254 2.03803 0.0613738 1.71751 -2.07426 -39.6403 1521 5 0.0652414 0.00764874 1.00168 0 0 0 0 0 0 0 0 0 200 200 
8.755 5.41649 2.05484 0.0613887 3.28536 -3.96167 -39.5539 1543 6 0.0602197 0.0078452 1.00193 0 0 0 0 0 0 0 0 0 200 200 
8.82 5.42892 2.06987 0.0614103 2.51615 -3.03773 -39.6021 1563 6 0.00468655 0.00236686 0.995535 0 0 0 0 0 0 0 0 0 200 200 
8.88 5.43995 2.08313 0.0613812 1.44451 -1.74437 -39.6475 1580 6 -0.03974 -0.00201582 0.990418 0 0 0 0 0 0 0 0 0 200 200 
8.945 5.45392 2.09998 0.0613992 2.16068 -2.60813 -39.6244 1602 6 -0.021499 -0.00407266 0.99196 0 0 0 0 0 0 0 0 0 200 200 
9.005 5.46673 2.11541 0.0614007 2.69141 -3.24874 -39.5981 1622 6 -0.0420889 -0.000585706 0.994549 0 0 0 0 0 0 0 0 0 200 200 
9.07 5.47948 2.13074 0.0613991 2.21549 -2.67286 -39.6238 1642 6 -0.0585608 0.00220386 0.996619 0 0 0 0 0 0 0 0 0 200 200 
9.13 5.49132 2.145 0.0613898 1.88369 -2.27646 -39.6423 1660 6 -0.0502697 0.00123422 0.995828 0 0 0 0 0 0 0 0 0 200 200 
9.195 5.50494 2.16142 0.0613975 2.25751 -2.72572 -39.6285 1682 6 -0.0540459 -0.000867108 0.996425 0 0 0 0 0 0 0 0 0 200 200 
9.255 5.51737 2.17634 0.0613979 2.42848 -2.93314 -39.623 1701 6 -0.0570669 -0.00254817 0.996902 0 0 0 0 0 0 0 0 0 200 200 
9.32 5.53027 2.19189 0.061397 2.11751 -2.55381 -39.6349 1721 6 -0.0562344 -0.00321659 0.999151 0 0 0 0 0 0 0 0 0 200 200 
9.38 5.54237 2.20648 0.0613944 2.01976 -2.43735 -39.6395 1740 6 -0.0525377 -0.00115057 0.998261 0 0 0 0 0 0 0 0 0 200 200 
9.445 5.55587 2.22273 0.0613996 2.26319 -2.73315 -39.6293 1761 6 -0.0495804 0.000502245 0.99755 0 0 0 0 0 0 0 0 0 200 200 
9.505 5.56805 2.23742 0.0613996 2.2342 -2.69585 -39.6286 1780 6 -0.0546365 0.00527206 0.997979 0 0 0 0 0 0 0 0 0 200 200 
9.57 5.58114 2.25319 0.0613971 2.10568 -2.54265 -39.6354 1801 6 -0.0586814 0.00908791 0.998323 0 0 0 0 0 0 0 0 0 200 200 
9.63 5.59339 2.26795 0.0613956 2.14543 -2.58954 -39.6348 1820 6 -0.0548238 0.0123424 0.997648 0 0 0 0 0 0 0 0 0 200 200 
9.695 5.60671 2.28402 0.0613976 2.23359 -2.69659 -39.6288 1841 6 -0.0577428 0.0133336 0.997463 0 0 0 0 0 0 0 0 0 200 200 
9.755 5.61889 2.29869 0.0613984 2.19286 -2.64487 -39.6276 1860 6 -0.058698 0.0118047 0.999469 0 0 0 0 0 0 0 0 0 200 200 
9.82 5.63205 2.31456 0.061397 2.13766 -2.58036 -39.6309 1881 6 -0.0594623 0.0105816 1.00107 0 0 0 0 0 0 0 0 0 200 200 
9.88 5.6443 2.32935 0.0613971 2.19861 -2.65263 -39.6306 1900 6 -0.0578928 0.00595696 1.00259 0 0 0 0 0 0 0 0 0 200 200 
9.945 5.65754 2.34531 0.0614004 2.19972 -2.65547 -39.6295 1921 6 -0.0566372 0.00225722 1.0038 0 0 0 0 0 0 0 0 0 200 200 
10.005 5.66971 2.35999 0.0614054 2.16824 -2.61783 -39.6327 1940 6 -0.0603365 0.00915744 0.998142 0 0 0 0 0 0 0 0 0 200 200 
10.07 5.68294 2.37593 0.0613936 2.17209 -2.6232 -39.6327 1960 6 -0.0597071 0.0083504 0.995978 0 0 0 0 0 0 0 0 0 200 200 
10.13 5.69522 2.39075 0.0614007 2.23996 -2.70435 -39.6282 1980 6 -0.0592036 0.00770476 0.994247 0 0 0 0 0 0 0 0 0 200 200 
10.195 5.70838 2.4066 0.0613954 2.17031 -2.61962 -39.6337 2000 6 -0.0609319 0.00229857 0.994281 0 0 0 0 0 0 0 0 0 200 200 
10.255 5.72058 2.42131 0.061399 2.1687 -2.61808 -39.6334 2019 6 -0.0623146 -0.00202639 0.994308 0 0 0 0 0 0 0 0 0 200 200 
10.32 5.73382 2.43727 0.061396 2.18022 -2.63132 -39.6312 2040 6 -0.0613606 0.00218708 0.995473 0 0 0 0 0 0 0 0 0 200 200 
10.38 5.74607 2.45205 0.0613925 2.2206 -2.67891 -39.6267 2059 6 -0.0622129 -0.00191333 0.99369 0 0 0 0 0 0 0 0 0 200 200 
10.445 5.75929 2.46798 0.061395 2.21647 -2.67574 -39.6255 2080 6 -0.0628948 -0.00519366 0.992263 0 0 0 0 0 0 0 0 0 200 200 
10.505 5.7715 2.48268 0.061395 2.2051 -2.66172 -39.6226 2099 6 -0.0618135 -0.00566269 0.992707 0 0 0 0 0 0 0 0 0 200 200 
10.57 5.78469 2.49856 0.061396 2.16014 -2.6071 -39.628 2120 6 -0.0606084 -0.00246806 0.991078 0 0 0 0 0 0 0 0 0 200 200 
10.63 5.7969 2.51329 0.0613968 2.16101 -2.60663 -39.6284 2139 6 -0.0596442 8.76423e-005 0.989774 0 0 0 0 0 0 0 0 0 200 200 
10.695 5.81014 2.52929 0.0614022 2.18979 -2.64638 -39.6249 2160 6 -0.0582358 -0.00320692 0.992536 0 0 0 0 0 0 0 0 0 200 200 
10.755 5.82234 2.54398 0.0613999 2.18195 -2.63279 -39.6263 2179 6 -0.0571091 -0.00584257 0.994745 0 0 0 0 0 0 0 0 0 200 200 
10.82 5.83554 2.5599 0.0613982 2.1578 -2.60663 -39.624 2199 6 -0.0591863 -0.00528297 0.994058 0 0 0 0 0 0 0 0 0 200 200 
10.88 5.84777 2.57463 0.0613949 2.17812 -2.63033 -39.6198 2219 6 -0.0605867 -0.00423364 0.995621 0 0 0 0 0 0 0 0 0 200 200 
10.945 5.86102 2.59058 0.0613959 2.19205 -2.64836 -39.6202 2239 6 -0.0617069 -0.00339418 0.996872 0 0 0 0 0 0 0 0 0 200 200 
11.005 5.87321 2.60531 0.0614011 2.19199 -2.64456 -39.6211 2258 6 -0.0642477 -0.00349409 0.994289 0 0 0 0 0 0 0 0 0 200 200 
11.07 5.88639 2.62121 0.0613992 2.15797 -2.60526 -39.6212 2279 6 -0.0612218 -0.00257861 0.994743 0 0 0 0 0 0 0 0 0 200 200 
11.13 5.8986 2.63594 0.0613988 2.16835 -2.61945 -39.6207 2298 6 -0.0583324 -0.000483066 0.995926 0 0 0 0 0 0 0 0 0 200 200 
11.195 5.91183 2.65188 0.0613981 2.16848 -2.61776 -39.6257 2319 6 -0.0560209 0.00119337 0.996874 0 0 0 0 0 0 0 0 0 200 200 
11.255 5.92408 2.66664 0.0613964 2.2063 -2.66389 -39.6223 2338 6 -0.0565345 0.00242253 0.998741 0 0 0 0 0 0 0 0 0 200 200 
11.32 5.93733 2.68259 0.0613984 2.21909 -2.67989 -39.6189 2359 6 -0.0569454 0.00340585 1.00023 0 0 0 0 0 0 0 0 0 200 200 
11.38 5.94948 2.69722 0.0613976 2.16038 -2.60978 -39.62 2378 6 -0.0561807 0.00558073 1.00099 0 0 0 0 0 0 0 0 0 200 200 
11.445 5.96276 2.71323 0.0613981 2.20949 -2.66769 -39.6176 2399 6 -0.0578932 0.00268112 1.00136 0 0 0 0 0 0 0 0 0 200 200 
11.505 5.97498 2.72796 0.0613981 2.21156 -2.67127 -39.6183 2418 6 -0.0592632 0.000361434 1.00166 0 0 0 0 0 0 0 0 0 200 200 
11.57 5.98818 2.74387 0.0613982 2.18925 -2.64151 -39.6206 2438 6 -0.0591447 0.000923229 1.00203 0 0 0 0 0 0 0 0 0 200 200 
11.63 6.00038 2.75858 0.0613992 2.18059 -2.63397 -39.6199 2458 6 -0.0590499 0.00137266 1.00234 0 0 0 0 0 0 0 0 0 200 200 
11.695 6.01363 2.77456 0.061398 2.20325 -2.66033 -39.6149 2478 6 -0.0588494 -0.00170311 1.00417 0 0 0 0 0 0 0 0 0 200 200 
11.755 6.02582 2.78927 0.0613945 2.19433 -2.64857 -39.6182 2497 6 -0.058234 0.0015798 1.00459 0 0 0 0 0 0 0 0 0 200 200 
11.82 6.03904 2.80521 0.0613984 2.18494 -2.63847 -39.6181 2518 6 -0.0577418 0.00420613 1.00492 0 0 0 0 0 0 0 0 0 200 200 
11.88 6.05125 2.81994 0.0613979 2.19575 -2.65203 -39.6217 2537 6 -0.0584363 0.0036765 1.00335 0 0 0 0 0 0 0 0 0 200 200 
11.945 6.06446 2.83586 0.0613968 2.16961 -2.62018 -39.6214 2558 6 -0.0594174 0.0033585 1.0056 0 0 0 0 0 0 0 0 0 200 200 
12.005 6.07666 2.85056 0.0613965 2.16399 -2.61403 -39.6225 2577 6 -0.0602023 0.00310409 1.00739 0 0 0 0 0 0 0 0 0 200 200 
12.07 6.08993 2.86652 0.0613977 2.1943 -2.64725 -39.6218 2598 6 -0.0579541 0.00549751 1.00901 0 0 0 0 0 0 0 0 0 200 200 
12.13 6.10212 2.88124 0.0613936 2.18048 -2.63396 -39.6237 2617 6 -0.0561556 0.00741224 1.0103 0 0 0 0 0 0 0 0 0 200 200 
12.195 6.11536 2.89723 0.0613958 2.2062 -2.66292 -39.6234 2638 6 -0.0574565 0.0062414 1.00897 0 0 0 0 0 0 0 0 0 200 200 
12.255 6.1276 2.91194 0.0614008 2.21952 -2.67967 -39.6235 2657 6 -0.0583534 0.00569297 1.00476 0 0 0 0 0 0 0 0 0 200 200 
12.32 6.14077 2.9278 0.0613988 2.15746 -2.60556 -39.6305 2677 6 -0.059071 0.00525423 1.0014 0 0 0 0 0 0 0 0 0 200 200 
12.38 6.15296 2.94249 0.0613935 2.14219 -2.58538 -39.6313 2697 6 -0.0573074 0.00275281 1.00166 0 0 0 0 0 0 0 0 0 200 200 
12.445 6.16627 2.95853 0.0613993 2.21699 -2.67605 -39.6319 2717 6 -0.0558965 0.000751676 1.00187 0 0 0 0 0 0 0 0 0 200 200 
12.505 6.17849 2.97325 0.061395 2.22226 -2.68183 -39.6294 2737 6 -0.0586099 0.00115328 1.00072 0 0 0 0 0 0 0 0 0 200 200 
12.57 6.19166 2.98909 0.0613988 2.15414 -2.59811 -39.6316 2757 6 -0.0602859 -0.00373639 0.998887 0 0 0 0 0 0 0 0 0 200 200 
12.63 6.20386 3.00378 0.0613953 2.1481 -2.59282 -39.6336 2776 6 -0.0616267 -0.00764813 0.997424 0 0 0 0 0 0 0 0 0 200 200 
12.695 6.21714 3.01979 0.0613976 2.19447 -2.64815 -39.6304 2797 6 -0.0596557 -0.00610749 0.997665 0 0 0 0 0 0 0 0 0 200 200 
12.755 6.22938 3.03452 0.0613974 2.21397 -2.67225 -39.6304 2816 6 -0.0580789 -0.00487498 0.997858 0 0 0 0 0 0 0 0 0 200 200 
12.82 6.24256 3.0504 0.0613966 2.15899 -2.60574 -39.6315 2837 6 -0.0582537 -0.00223622 0.997931 0 0 0 0 0 0 0 0 0 200 200 
12.88 6.25475 3.06509 0.0613983 2.15521 -2.60145 -39.6318 2856 6 -0.0590669 -0.00695689 0.996857 0 0 0 0 0 0 0 0 0 200 200 
12.945 6.26802 3.08109 0.0613979 2.19109 -2.64397 -39.6341 2877 6 -0.0597174 -0.0107334 0.995997 0 0 0 0 0 0 0 0 0 200 200 
13.005 6.28023 3.09582 0.061397 2.19247 -2.64466 -39.6322 2896 6 -0.0603027 -0.00626015 0.995539 0 0 0 0 0 0 0 0 0 200 200 
13.07 6.29344 3.11176 0.0614001 2.18342 -2.63326 -39.6362 2917 6 -0.060281 -0.00287165 0.996579 0 0 0 0 0 0 0 0 0 200 200 
13.13 6.30564 3.12648 0.0613928 2.18378 -2.63606 -39.6342 2936 6 -0.0602637 -0.000160858 0.997411 0 0 0 0 0 0 0 0 0 200 200 
13.195 6.31893 3.14248 0.0613972 2.22564 -2.68623 -39.6344 2956 6 -0.0612416 0.00119101 0.99689 0 0 0 0 0 0 0 0 0 200 200 
13.255 6.33108 3.15712 0.061395 2.16563 -2.61665 -39.635 2975 6 -0.0604361 -0.0030225 0.994569 0 0 0 0 0 0 0 0 0 200 200 
13.32 6.34429 3.17304 0.0613956 2.15408 -2.60057 -39.6336 2996 6 -0.0597916 -0.00639331 0.992712 0 0 0 0 0 0 0 0 0 200 200 
13.38 6.35655 3.18782 0.0613971 2.19729 -2.65138 -39.6295 3015 6 -0.0585771 -0.00539458 0.996495 0 0 0 0 0 0 0 0 0 200 200 
13.445 6.36973 3.20371 0.0613975 2.16051 -2.60741 -39.6312 3036 6 -0.0576055 -0.0045956 0.999521 0 0 0 0 0 0 0 0 0 200 200 
13.505 6.38195 3.21846 0.0613993 2.17638 -2.62569 -39.629 3055 6 -0.0543061 -0.00531907 1.00146 0 0 0 0 0 0 0 0 0 200 200 
13.57 6.39526 3.2345 0.0614001 2.24718 -2.71337 -39.625 3076 6 -0.0572016 -0.00358255 1.00302 0 0 0 0 0 0 0 0 0 200 200 
13.63 6.40739 3.24913 0.0613962 2.18303 -2.63545 -39.6225 3095 6 -0.059518 -0.00219333 1.00426 0 0 0 0 0 0 0 0 0 200 200 
13.695 6.42057 3.26502 0.0613956 2.14039 -2.58421 -39.6254 3116 6 -0.0585146 -0.00203833 1.00133 0 0 0 0 0 0 0 0 0 200 200 
13.755 6.43284 3.27979 0.0613962 2.19007 -2.64347 -39.6282 3135 6 -0.0568742 -0.000499223 0.999697 0 0 0 0 0 0 0 0 0 200 200 
13.82 6.44609 3.29576 0.0613952 2.20709 -2.66304 -39.6234 3156 6 -0.0617423 -0.000613288 1.00041 0 0 0 0 0 0 0 0 0 200 200 
13.88 6.45827 3.31045 0.0613996 2.18602 -2.6384 -39.622 3175 6 -0.0656368 -0.000704541 1.00098 0 0 0 0 0 0 0 0 0 200 200 
13.945 6.47148 3.32637 0.0613969 2.16036 -2.60853 -39.6224 3195 6 -0.0641728 -0.00321035 0.998759 0 0 0 0 0 0 0 0 0 200 200 
14.005 6.48375 3.34116 0.0613991 2.21666 -2.67476 -39.6226 3215 6 -0.0619372 -0.00654719 0.998106 0 0 0 0 0 0 0 0 0 200 200 
14.07 6.49697 3.35711 0.061396 2.21015 -2.66943 -39.6174 3235 6 -0.0627644 -0.00693114 0.996828 0 0 0 0 0 0 0 0 0 200 200 
14.13 6.50918 3.37182 0.0613978 2.20864 -2.6662 -39.6196 3254 6 -0.0634262 -0.00723829 0.995805 0 0 0 0 0 0 0 0 0 200 200 
14.195 6.52235 3.38769 0.0613973 2.15369 -2.60222 -39.6208 3275 6 -0.0639188 -0.00323002 0.996763 0 0 0 0 0 0 0 0 0 200 200 
14.255 6.53457 3.40242 0.0613954 2.17062 -2.61953 -39.6215 3294 6 -0.0643128 -2.34101e-005 0.997529 0 0 0 0 0 0 0 0 0 200 200 
14.32 6.54782 3.4184 0.0614002 2.18238 -2.6339 -39.6195 3315 6 -0.0626404 0.00167276 0.997323 0 0 0 0 0 0 0 0 0 200 200 
14.38 6.56001 3.43311 0.0613951 2.17369 -2.62345 -39.6234 3334 6 -0.0623402 0.00190191 0.996485 0 0 0 0 0 0 0 0 0 200 200 
14.445 6.57327 3.44909 0.0613976 2.20174 -2.6594 -39.6178 3355 6 -0.0620999 0.00208522 0.995815 0 0 0 0 0 0 0 0 0 200 200 
14.505 6.58545 3.46377 0.0614013 2.17718 -2.62826 -39.6219 3374 6 -0.0633003 0.0020648 0.995013 0 0 0 0 0 0 0 0 0 200 200 
14.57 6.59865 3.47967 0.0613981 2.14985 -2.59599 -39.6213 3395 6 -0.0601585 0.00045855 0.993704 0 0 0 0 0 0 0 0 0 200 200 
14.63 6.6109 3.49444 0.0613973 2.18988 -2.64465 -39.6195 3414 6 -0.057645 -0.00082645 0.992656 0 0 0 0 0 0 0 0 0 200 200 
14.695 6.62414 3.51038 0.0614006 2.19006 -2.64476 -39.6204 3434 6 -0.0595445 0.000797078 0.993423 0 0 0 0 0 0 0 0 0 200 200 
14.755 6.63632 3.52502 0.0613967 2.14639 -2.59092 -39.6269 3454 6 -0.061064 0.0020959 0.994036 0 0 0 0 0 0 0 0 0 200 200 
14.82 6.6496 3.54102 0.0613975 2.19355 -2.64745 -39.6217 3474 6 -0.0589461 0.00271388 0.994532 0 0 0 0 0 0 0 0 0 200 200 
14.88 6.66181 3.55575 0.0613964 2.18861 -2.64241 -39.6201 3493 6 -0.0572518 0.00320826 0.994929 0 0 0 0 0 0 0 0 0 200 200 
14.945 6.67504 3.57171 0.0613996 2.19687 -2.65119 -39.6159 3514 6 -0.0559702 0.00315894 0.996182 0 0 0 0 0 0 0 0 0 200 200 
15.005 6.68722 3.5864 0.0613975 2.17728 -2.62924 -39.6172 3533 6 -0.0584943 0.0051015 0.994418 0 0 0 0 0 0 0 0 0 200 200 
15.07 6.70044 3.60234 0.0613965 2.17441 -2.6274 -39.6175 3554 6 -0.0605136 0.00665555 0.993007 0 0 0 0 0 0 0 0 0 200 200 
15.13 6.71268 3.61708 0.0613998 2.1962 -2.65079 -39.621 3573 6 -0.062129 0.00789879 0.991878 0 0 0 0 0 0 0 0 0 200 200 
15.195 6.72585 3.63298 0.061398 2.15261 -2.59944 -39.6209 3594 6 -0.0645947 0.00488215 0.990836 0 0 0 0 0 0 0 0 0 200 200 
15.255 6.73806 3.6477 0.0613989 2.15468 -2.60168 -39.6206 3613 6 -0.0617853 0.00534842 0.995382 0 0 0 0 0 0 0 0 0 200 200 
15.32 6.75133 3.66368 0.0613988 2.18421 -2.63781 -39.6203 3634 6 -0.0595378 0.00572142 0.999019 0 0 0 0 0 0 0 0 0 200 200 
15.38 6.76356 3.67844 0.061394 2.20838 -2.66608 -39.6198 3653 6 -0.0588474 0.00723138 0.999363 0 0 0 0 0 0 0 0 0 200 200 
15.445 6.77678 3.69438 0.0613961 2.19852 -2.65589 -39.619 3674 6 -0.0604128 0.0088967 0.997409 0 0 0 0 0 0 0 0 0 200 200 
15.505 6.78898 3.70909 0.0614001 2.19081 -2.64657 -39.6188 3693 6 -0.0613961 0.00881519 0.996048 0 0 0 0 0 0 0 0 0 200 200 
15.57 6.80217 3.72496 0.0614001 2.14745 -2.59293 -39.6218 3713 6 -0.0621828 0.00874998 0.994959 0 0 0 0 0 0 0 0 0 200 200 
15.63 6.81439 3.73968 0.0613963 2.15117 -2.59628 -39.6209 3732 6 -0.0623207 0.00547922 0.996364 0 0 0 0 0 0 0 0 0 200 200 
15.695 6.82763 3.75569 0.061397 2.1834 -2.63803 -39.6175 3753 6 -0.0616383 0.00210881 0.993651 0 0 0 0 0 0 0 0 0 200 200 
15.755 6.83987 3.77045 0.061397 2.21328 -2.67339 -39.6177 3772 6 -0.0610924 -0.000587517 0.99148 0 0 0 0 0 0 0 0 0 200 200 
15.82 6.85306 3.78634 0.0613951 2.17488 -2.62528 -39.6223 3793 6 -0.0606557 -0.00274458 0.989743 0 0 0 0 0 0 0 0 0 200 200 
15.88 6.86526 3.80107 0.0613995 2.17771 -2.62865 -39.6225 3812 6 -0.0588738 -0.00170624 0.989746 0 0 0 0 0 0 0 0 0 200 200 
15.945 6.87852 3.817 0.0613991 2.19045 -2.64395 -39.6259 3833 6 -0.0598652 0.00235184 0.988363 0 0 0 0 0 0 0 0 0 200 200 
16.01 6.89174 3.83293 0.0613981 2.17666 -2.62751 -39.6276 3854 6 -0.0606583 0.0055983 0.987257 0 0 0 0 0 0 0 0 0 200 200 
16.075 6.90496 3.84889 0.0614017 2.18439 -2.64056 -39.6268 3874 6 -0.06149 0.00389503 0.989545 0 0 0 0 0 0 0 0 0 200 200 
16.135 6.91719 3.86362 0.0613972 2.19617 -2.65089 -39.6258 3893 6 -0.0616701 0.00539156 0.99432 0 0 0 0 0 0 0 0 0 200 200 
16.2 6.93042 3.87957 0.0614007 2.19455 -2.64793 -39.6263 3914 6 -0.0618142 0.00658879 0.99814 0 0 0 0 0 0 0 0 0 200 200 
16.26 6.9426 3.89425 0.0613928 2.17402 -2.62311 -39.6239 3933 6 -0.0615909 0.00545615 0.99802 0 0 0 0 0 0 0 0 0 200 200 
16.325 6.95585 3.91022 0.061401 2.18748 -2.64364 -39.619 3954 6 -0.0611891 0.00476132 0.997951 0 0 0 0 0 0 0 0 0 200 200 
16.385 6.96807 3.92496 0.0613953 2.19941 -2.65624 -39.6161 3973 6 -0.0608677 0.00420545 0.997896 0 0 0 0 0 0 0 0 0 200 200 
16.45 6.98133 3.94093 0.0613964 2.21895 -2.67897 -39.6153 3994 6 -0.0611091 0.00387709 0.999567 0 0 0 0 0 0 0 0 0 200 200 
16.51 6.9935 3.95561 0.0613955 2.18351 -2.63725 -39.6184 4013 6 -0.0595553 0.00428422 0.999884 0 0 0 0 0 0 0 0 0 200 200 
16.575 7.00672 3.97156 0.0613961 2.18582 -2.63968 -39.6184 4034 6 -0.0583122 0.00460993 1.00014 0 0 0 0 0 0 0 0 0 200 200 
16.635 7.01894 3.98625 0.0613978 2.18418 -2.63564 -39.6204 4053 6 -0.0581448 0.00418549 0.998168 0 0 0 0 0 0 0 0 0 200 200 
16.7 7.03216 4.00221 0.0613951 2.19344 -2.64576 -39.6217 4074 6 -0.0580109 0.00384594 0.996591 0 0 0 0 0 0 0 0 0 200 200 
16.76 7.04436 4.01692 0.0613981 2.18615 -2.63964 -39.6205 4093 6 -0.0595507 0.00219056 0.996894 0 0 0 0 0 0 0 0 0 200 200 
16.825 7.0576 4.0329 0.0613932 2.21075 -2.66858 -39.6215 4113 6 -0.0580801 0.000434904 0.994565 0 0 0 0 0 0 0 0 0 200 200 
16.885 7.06979 4.0476 0.0613987 2.19107 -2.64519 -39.623 4132 6 -0.0569036 -0.000969621 0.992701 0 0 0 0 0 0 0 0 0 200 200 
16.95 7.08297 4.06349 0.0613988 2.15071 -2.59683 -39.6259 4153 6 -0.0546961 -0.00351629 0.99687 0 0 0 0 0 0 0 0 0 200 200 
17.01 7.09523 4.07828 0.0613954 2.20078 -2.65845 -39.622 4172 6 -0.0535662 0.00121158 0.994793 0 0 0 0 0 0 0 0 0 200 200 
17.075 7.10849 4.09425 0.061397 2.23178 -2.69524 -39.6206 4193 6 -0.0526622 0.00499387 0.993132 0 0 0 0 0 0 0 0 0 200 200 
17.135 7.12062 4.10888 0.0613963 2.15581 -2.60345 -39.6234 4212 6 -0.0532421 0.00710022 0.996209 0 0 0 0 0 0 0 0 0 200 200 
17.2 7.13385 4.12485 0.0613948 2.18055 -2.63349 -39.6195 4233 6 -0.0526101 0.00498744 0.996767 0 0 0 0 0 0 0 0 0 200 200 
17.26 7.14611 4.13963 0.061402 2.21682 -2.67464 -39.6189 4252 6 -0.0521046 0.00329721 0.997213 0 0 0 0 0 0 0 0 0 200 200 
17.325 7.15932 4.15556 0.0613999 2.20478 -2.66253 -39.6185 4273 6 -0.0539475 0.00172806 0.996622 0 0 0 0 0 0 0 0 0 200 200 
17.385 7.1715 4.17024 0.0614004 2.17907 -2.63174 -39.618 4292 6 -0.0554219 0.000472738 0.99615 0 0 0 0 0 0 0 0 0 200 200 
17.45 7.18475 4.1862 0.0613949 2.19603 -2.65313 -39.6149 4313 6 -0.0571588 0.00234512 0.99395 0 0 0 0 0 0 0 0 0 200 200 
17.51 7.19697 4.20094 0.0613963 2.21641 -2.6767 -39.6121 4332 6 -0.0553154 0.00200445 0.995373 0 0 0 0 0 0 0 0 0 200 200 
17.575 7.21015 4.21684 0.0613971 2.17598 -2.62822 -39.6141 4352 6 -0.0538407 0.00173192 0.996511 0 0 0 0 0 0 0 0 0 200 200 
17.635 7.22235 4.23155 0.0613989 2.17322 -2.62249 -39.6141 4371 6 -0.0548031 0.000402174 0.998309 0 0 0 0 0 0 0 0 0 200 200 
17.7 7.2356 4.24752 0.0613974 2.1918 -2.64549 -39.6138 4392 6 -0.0566682 -0.00357417 0.995271 0 0 0 0 0 0 0 0 0 200 200 
17.76 7.24781 4.26227 0.0613978 2.20567 -2.66074 -39.6145 4411 6 -0.0581602 -0.00675525 0.992841 0 0 0 0 0 0 0 0 0 200 200 
17.825 7.261 4.27817 0.0613928 2.1721 -2.62347 -39.6133 4432 6 -0.0583252 -0.00600535 0.994494 0 0 0 0 0 0 0 0 0 200 200 
17.885 7.27322 4.29294 0.0613965 2.19591 -2.64975 -39.6129 4451 6 -0.0576483 -0.00514429 0.991685 0 0 0 0 0 0 0 0 0 200 200 
17.95 7.28644 4.30886 0.0614014 2.1735 -2.62692 -39.6125 4472 6 -0.0571067 -0.00445545 0.989438 0 0 0 0 0 0 0 0 0 200 200 
18.01 7.2986 4.32354 0.061398 2.14248 -2.58571 -39.6139 4491 6 -0.059164 -0.00517662 0.990223 0 0 0 0 0 0 0 0 0 200 200 
18.075 7.31188 4.33954 0.061398 2.18978 -2.64337 -39.6153 4512 6 -0.0588117 -0.0086217 0.991968 0 0 0 0 0 0 0 0 0 200 200 
18.135 7.32411 4.35429 0.0613948 2.20921 -2.66784 -39.6135 4531 6 -0.0585299 -0.0113778 0.993364 0 0 0 0 0 0 0 0 0 200 200 
18.2 7.33733 4.37023 0.0613955 2.19867 -2.65573 -39.6117 4552 6 -0.0581327 -0.0116624 0.995059 0 0 0 0 0 0 0 0 0 200 200 
18.26 7.3495 4.38491 0.0613983 2.16901 -2.62019 -39.6096 4571 6 -0.0609439 -0.01126 0.992785 0 0 0 0 0 0 0 0 0 200 200 
18.325 7.36273 4.40083 0.0613953 2.15756 -2.60566 -39.6076 4591 6 -0.0631928 -0.010938 0.990966 0 0 0 0 0 0 0 0 0 200 200 
18.385 7.37496 4.41558 0.0614009 2.18187 -2.6358 -39.608 4611 6 -0.0615656 -0.00866101 0.990624 0 0 0 0 0 0 0 0 0 200 200 
18.45 7.38819 4.43153 0.0613992 2.18766 -2.64353 -39.6087 4631 6 -0.0602638 -0.00683937 0.99035 0 0 0 0 0 0 0 0 0 200 200 
18.51 7.40035 4.44622 0.0613992 2.15918 -2.60796 -39.6077 4650 6 -0.0592404 -0.0052873 0.993502 0 0 0 0 0 0 0 0 0 200 200 
18.575 7.41358 4.46215 0.0613962 2.15161 -2.59914 -39.6074 4671 6 -0.0587669 -0.00294037 0.995961 0 0 0 0 0 0 0 0 0 200 200 
18.635 7.42585 4.47696 0.0613986 2.21848 -2.67852 -39.6008 4690 6 -0.0583881 -0.00106283 0.997928 0 0 0 0 0 0 0 0 0 200 200 
18.7 7.43907 4.49293 0.0613951 2.22314 -2.6845 -39.6009 4711 6 -0.056692 -0.000887268 1.00148 0 0 0 0 0 0 0 0 0 200 200 
18.76 7.45118 4.50754 0.061398 2.13104 -2.57543 -39.6001 4730 6 -0.0570354 0.00167253 1.00227 0 0 0 0 0 0 0 0 0 200 200 
18.825 7.46441 4.52347 0.0613942 2.14019 -2.58782 -39.6016 4751 6 -0.0573101 0.00372037 1.0029 0 0 0 0 0 0 0 0 0 200 200 
18.885 7.4767 4.5383 0.0614019 2.22327 -2.68586 -39.5944 4770 6 -0.0562483 0.0020032 1.00169 0 0 0 0 0 0 0 0 0 200 200 
18.95 7.48986 4.55418 0.061397 2.16883 -2.62002 -39.5976 4791 6 -0.0556243 0.00145875 1.00218 0 0 0 0 0 0 0 0 0 200 200 
19.01 7.50202 4.56888 0.0613953 2.1427 -2.58685 -39.5993 4810 6 -0.0551252 0.00102319 1.00258 0 0 0 0 0 0 0 0 0 200 200 
19.075 7.51533 4.58494 0.0613976 2.22649 -2.69188 -39.5964 4831 6 -0.0567546 -0.000666808 0.999164 0 0 0 0 0 0 0 0 0 200 200 
19.135 7.5275 4.59961 0.0614004 2.18343 -2.63719 -39.5992 4850 6 -0.0619529 0.00114339 0.998132 0 0 0 0 0 0 0 0 0 200 200 
19.2 7.54069 4.61552 0.0613974 2.16104 -2.6122 -39.6017 4870 6 -0.0661116 0.00259154 0.997307 0 0 0 0 0 0 0 0 0 200 200 
19.26 7.55291 4.63028 0.0614008 2.18125 -2.63717 -39.6005 4889 6 -0.0604909 0.00284622 0.998821 0 0 0 0 0 0 0 0 0 200 200 
19.325 7.56612 4.64623 0.061396 2.18027 -2.63506 -39.6007 4910 6 -0.0559943 0.00304996 1.00003 0 0 0 0 0 0 0 0 0 200 200 
19.385 7.57833 4.66094 0.0613989 2.17085 -2.62084 -39.6036 4929 6 -0.0548798 0.000395791 1.00147 0 0 0 0 0 0 0 0 0 200 200 
19.45 7.59153 4.67689 0.0614009 2.16731 -2.61881 -39.6036 4950 6 -0.0538452 -0.00299228 1.00051 0 0 0 0 0 0 0 0 0 200 200 
19.51 7.60376 4.69163 0.0613971 2.19208 -2.64779 -39.6044 4969 6 -0.0530175 -0.00570275 0.999739 0 0 0 0 0 0 0 0 0 200 200 
19.575 7.61699 4.70759 0.061396 2.19779 -2.65519 -39.5981 4990 6 -0.0533912 -0.00843952 0.997542 0 0 0 0 0 0 0 0 0 200 200 
19.635 7.62919 4.72232 0.0613962 2.19849 -2.65701 -39.5971 5009 6 -0.0536902 -0.0106289 0.995784 0 0 0 0 0 0 0 0 0 200 200 
19.7 7.64236 4.73822 0.0613983 2.16056 -2.6098 -39.5972 5030 6 -0.0546247 -0.00507074 0.999574 0 0 0 0 0 0 0 0 0 200 200 
19.76 7.65458 4.75294 0.0613975 2.16127 -2.61174 -39.5984 5049 6 -0.0573003 -0.0091173 0.998263 0 0 0 0 0 0 0 0 0 200 200 
19.825 7.66785 4.76894 0.0614001 2.20332 -2.66273 -39.6038 5070 6 -0.0594409 -0.0123545 0.997214 0 0 0 0 0 0 0 0 0 200 200 
19.885 7.68005 4.78365 0.0613975 2.19209 -2.64813 -39.6041 5089 6 -0.0624984 -0.011489 0.997568 0 0 0 0 0 0 0 0 0 200 200 
19.95 7.69322 4.79955 0.0613976 2.15587 -2.60464 -39.6078 5109 6 -0.0596146 -0.0103239 0.995788 0 0 0 0 0 0 0 0 0 200 200 
20.01 7.70545 4.8143 0.0613968 2.17427 -2.62712 -39.6084 5128 6 -0.0595479 -0.00774486 0.995848 0 0 0 0 0 0 0 0 0 200 200 
20.075 7.71871 4.8303 0.0614009 2.21306 -2.67421 -39.6045 5149 6 -0.0594946 -0.00568166 0.995896 0 0 0 0 0 0 0 0 0 200 200 
20.135 7.7309 4.84503 0.0613992 2.21146 -2.67026 -39.6021 5168 6 -0.0612674 -0.00540723 0.995462 0 0 0 0 0 0 0 0 0 200 200 
20.2 7.74407 4.86093 0.0613983 2.16789 -2.61984 -39.6065 5189 6 -0.0626856 -0.00518768 0.995115 0 0 0 0 0 0 0 0 0 200 200 
20.26 7.75629 4.87565 0.0613972 2.17406 -2.62754 -39.6052 5208 6 -0.0628486 -0.00539502 0.997016 0 0 0 0 0 0 0 0 0 200 200 
20.325 7.76951 4.89162 0.0613974 2.18134 -2.63465 -39.6072 5229 6 -0.062979 -0.00556089 0.998537 0 0 0 0 0 0 0 0 0 200 200 
20.385 7.78173 4.90634 0.0613955 2.18773 -2.64321 -39.607 5248 6 -0.0629874 -0.00891916 0.995469 0 0 0 0 0 0 0 0 0 200 200 
20.45 7.79496 4.92231 0.0613969 2.20206 -2.65704 -39.6029 5269 6 -0.0622964 -0.00690432 0.995945 0 0 0 0 0 0 0 0 0 200 200 
20.51 7.80716 4.93703 0.0614018 2.19351 -2.6514 -39.6038 5288 6 -0.0617435 -0.00529244 0.996325 0 0 0 0 0 0 0 0 0 200 200 
20.575 7.82039 4.95298 0.0614016 2.1969 -2.65253 -39.6071 5309 6 -0.0608144 -0.00710407 0.999873 0 0 0 0 0 0 0 0 0 200 200 
20.635 7.83257 4.96767 0.061394 2.17976 -2.63388 -39.6114 5328 6 -0.0612862 -0.00347624 0.997949 0 0 0 0 0 0 0 0 0 200 200 
20.7 7.84578 4.98362 0.0613969 2.18058 -2.63438 -39.6092 5348 6 -0.0616637 -0.000573973 0.99641 0 0 0 0 0 0 0 0 0 200 200 
20.76 7.85799 4.99833 0.0613987 2.17748 -2.62932 -39.6108 5367 6 -0.0607653 -0.00120222 0.99499 0 0 0 0 0 0 0 0 0 200 200 
20.825 7.87122 5.0143 0.0613979 2.18493 -2.63725 -39.6116 5388 6 -0.0604159 0.00052653 0.996941 0 0 0 0 0 0 0 0 0 200 200 
20.885 7.88342 5.02904 0.0614005 2.19297 -2.64762 -39.6096 5407 6 -0.0601364 0.00190953 0.998501 0 0 0 0 0 0 0 0 0 200 200 
20.95 7.89662 5.04495 0.0613962 2.17636 -2.62872 -39.6107 5428 6 -0.0604284 0.00017976 0.998497 0 0 0 0 0 0 0 0 0 200 200 
21.01 7.90885 5.0597 0.0613992 2.19281 -2.64812 -39.6143 5447 6 -0.0600933 -0.000941314 1.00169 0 0 0 0 0 0 0 0 0 200 200 
21.075 7.92209 5.07568 0.0613983 2.2151 -2.67529 -39.6114 5468 6 -0.0598253 -0.00183817 1.00425 0 0 0 0 0 0 0 0 0 200 200 
21.135 7.93426 5.09037 0.0613974 2.18645 -2.64055 -39.6123 5487 6 -0.0604643 -0.00216698 1.0031 0 0 0 0 0 0 0 0 0 200 200 
21.2 7.94747 5.10632 0.0613966 2.18631 -2.6446 -39.6095 5508 6 -0.0609756 -0.00243002 1.00218 0 0 0 0 0 0 0 0 0 200 200 
21.26 7.95972 5.12102 0.0613988 2.1926 -2.64783 -39.6103 5527 6 -0.0605248 -0.00136533 1.00294 0 0 0 0 0 0 0 0 0 200 200 
21.325 7.97294 5.13697 0.0613969 2.18903 -2.64478 -39.6071 5548 6 -0.0601641 -0.000513577 1.00354 0 0 0 0 0 0 0 0 0 200 200 
21.385 7.98516 5.15169 0.0613996 2.19229 -2.64778 -39.6025 5567 6 -0.0600188 -0.00288611 1.00409 0 0 0 0 0 0 0 0 0 200 200 
21.45 7.99835 5.16762 0.0613965 2.16775 -2.619 -39.6074 5587 6 -0.0627541 -0.00482519 1.00124 0 0 0 0 0 0 0 0 0 200 200 
21.51 8.01053 5.18235 0.0613983 2.16551 -2.61858 -39.6065 5606 6 -0.0649423 -0.00637646 0.998969 0 0 0 0 0 0 0 0 0 200 200 
21.575 8.02378 5.19835 0.0614017 2.20233 -2.6589 -39.6059 5627 6 -0.0658546 -0.00591135 0.996533 0 0 0 0 0 0 0 0 0 200 200 
21.635 8.03594 5.21304 0.0613982 2.17765 -2.62915 -39.6075 5646 6 -0.0658268 -0.00722117 0.996465 0 0 0 0 0 0 0 0 0 200 200 
21.7 8.04913 5.22892 0.0613962 2.1397 -2.58531 -39.6081 5667 6 -0.0658046 -0.00826903 0.996411 0 0 0 0 0 0 0 0 0 200 200 
21.76 8.06138 5.24372 0.0614001 2.18424 -2.63872 -39.6061 5686 6 -0.0649269 -0.0102502 0.993628 0 0 0 0 0 0 0 0 0 200 200 
21.825 8.07464 5.25971 0.0614016 2.21941 -2.68058 -39.6049 5707 6 -0.0659156 -0.0101049 0.994226 0 0 0 0 0 0 0 0 0 200 200 
21.885 8.08682 5.27436 0.0613935 2.17858 -2.63333 -39.6089 5726 6 -0.0667066 -0.00998861 0.994705 0 0 0 0 0 0 0 0 0 200 200 
21.95 8.10004 5.29032 0.061395 2.17965 -2.63263 -39.607 5747 6 -0.0602512 -0.00716921 0.996624 0 0 0 0 0 0 0 0 0 200 200 
22.01 8.11224 5.30503 0.0613972 2.17768 -2.63022 -39.6055 5766 6 -0.0603247 -0.00534971 0.994785 0 0 0 0 0 0 0 0 0 200 200 
22.075 8.12545 5.321 0.0614001 2.17972 -2.63443 -39.6043 5787 6 -0.0603835 -0.0038941 0.993314 0 0 0 0 0 0 0 0 0 200 200 
22.135 8.13767 5.33573 0.0613977 2.18612 -2.64105 -39.604 5806 6 -0.0599774 -0.00685427 0.995929 0 0 0 0 0 0 0 0 0 200 200 
22.2 8.15092 5.35168 0.0614003 2.19289 -2.65018 -39.6052 5826 6 -0.0596526 -0.0092224 0.998021 0 0 0 0 0 0 0 0 0 200 200 
22.26 8.1631 5.36641 0.0613986 2.19683 -2.65262 -39.6035 5846 6 -0.0605878 -0.00336265 0.995734 0 0 0 0 0 0 0 0 0 200 200 
22.325 8.17632 5.38233 0.0613998 2.18137 -2.63351 -39.6063 5866 6 -0.060466 -0.00147489 0.996251 0 0 0 0 0 0 0 0 0 200 200 
22.385 8.18855 5.39708 0.0613974 2.202 -2.65914 -39.6079 5885 6 -0.0603686 3.53213e-005 0.996665 0 0 0 0 0 0 0 0 0 200 200 
22.45 8.20181 5.41305 0.0613927 2.22944 -2.69289 -39.6092 5906 6 -0.0630317 0.00208984 0.997918 0 0 0 0 0 0 0 0 0 200 200 
22.51 8.21398 5.42774 0.0614021 2.19945 -2.65609 -39.6127 5925 6 -0.0632172 0.00177867 0.999127 0 0 0 0 0 0 0 0 0 200 200 
22.575 8.22711 5.44357 0.0614019 2.11692 -2.55608 -39.6136 5946 6 -0.0633657 0.00152974 1.00009 0 0 0 0 0 0 0 0 0 200 200 
22.635 8.23936 5.45835 0.0613965 2.16032 -2.60709 -39.6113 5965 6 -0.0612427 0.00762932 0.999496 0 0 0 0 0 0 0 0 0 200 200 
22.7 8.25265 5.47437 0.0614005 2.21714 -2.68053 -39.6093 5986 6 -0.0595443 0.012509 0.999018 0 0 0 0 0 0 0 0 0 200 200 
22.76 8.26483 5.48906 0.0613962 2.19833 -2.65583 -39.6091 6005 6 -0.0586947 0.0106405 0.994751 0 0 0 0 0 0 0 0 0 200 200 
22.825 8.27803 5.50502 0.0613943 2.20423 -2.66263 -39.6137 6026 6 -0.0580151 0.00914567 0.991338 0 0 0 0 0 0 0 0 0 200 200 
22.885 8.29021 5.51969 0.0613967 2.16822 -2.61935 -39.6188 6045 6 -0.0581876 0.00599347 0.990647 0 0 0 0 0 0 0 0 0 200 200 
22.95 8.30343 5.53563 0.0613969 2.16883 -2.6196 -39.6203 6065 6 -0.0586968 0.00697602 0.992621 0 0 0 0 0 0 0 0 0 200 200 
23.01 8.31562 5.55036 0.0613951 2.17012 -2.6233 -39.618 6085 6 -0.0591041 0.00776207 0.994201 0 0 0 0 0 0 0 0 0 200 200 
23.075 8.32886 5.56631 0.0613991 2.17699 -2.6289 -39.6193 6105 6 -0.0596154 0.00700134 0.994337 0 0 0 0 0 0 0 0 0 200 200 
23.135 8.34108 5.58101 0.0613945 2.17388 -2.62274 -39.6218 6124 6 -0.0600244 0.00639276 0.994446 0 0 0 0 0 0 0 0 0 200 200 
23.2 8.35434 5.59698 0.0614005 2.19501 -2.65067 -39.6237 6145 6 -0.0606364 0.0041393 0.991695 0 0 0 0 0 0 0 0 0 200 200 
23.26 8.36655 5.61171 0.0614008 2.20016 -2.65984 -39.627 6164 6 -0.0611846 0.00418892 0.990153 0 0 0 0 0 0 0 0 0 200 200 
23.325 8.37976 5.62763 0.0613994 2.18 -2.63082 -39.6286 6185 6 -0.0616232 0.00422862 0.988918 0 0 0 0 0 0 0 0 0 200 200 
23.385 8.39202 5.64238 0.0614023 2.21576 -2.67448 -39.6283 6204 6 -0.0603222 0.00595863 0.98978 0 0 0 0 0 0 0 0 0 200 200 
23.45 8.40522 5.6583 0.0613941 2.20451 -2.66147 -39.6295 6225 6 -0.059979 0.00333021 0.991414 0 0 0 0 0 0 0 0 0 200 200 
23.51 8.4174 5.67297 0.0614003 2.16745 -2.61491 -39.634 6244 6 -0.0597046 0.00122748 0.99272 0 0 0 0 0 0 0 0 0 200 200 
23.575 8.4306 5.68888 0.0613973 2.14425 -2.58776 -39.6335 6265 6 -0.05684 0.0028982 0.993568 0 0 0 0 0 0 0 0 0 200 200 
23.635 8.44287 5.70365 0.061398 2.19892 -2.65331 -39.632 6284 6 -0.0567888 0.000621661 0.996495 0 0 0 0 0 0 0 0 0 200 200 
23.7 8.45612 5.7196 0.0613935 2.20827 -2.66636 -39.6318 6304 6 -0.0567478 -0.00119957 0.998837 0 0 0 0 0 0 0 0 0 200 200 
23.76 8.46827 5.73425 0.0613961 2.16077 -2.60781 -39.6372 6323 6 -0.0582686 0.000522065 0.996324 0 0 0 0 0 0 0 0 0 200 200 
23.825 8.48151 5.75018 0.0613964 2.1605 -2.60598 -39.6377 6344 6 -0.0594852 0.00189937 0.994314 0 0 0 0 0 0 0 0 0 200 200 
23.885 8.49372 5.76493 0.0613992 2.18059 -2.63175 -39.6356 6363 6 -0.0579494 -0.000261496 0.994 0 0 0 0 0 0 0 0 0 200 200 
23.95 8.50698 5.78092 0.0613999 2.20898 -2.66624 -39.6329 6384 6 -0.0622076 -0.00233204 0.990243 0 0 0 0 0 0 0 0 0 200 200 
24.01 8.51915 5.79561 0.061395 2.18608 -2.63791 -39.6346 6403 6 -0.0656142 -0.00398848 0.987236 0 0 0 0 0 0 0 0 0 200 200 
24.075 8.5324 5.81155 0.0613997 2.18982 -2.64126 -39.6366 6424 6 -0.0615274 -0.00638395 0.988702 0 0 0 0 0 0 0 0 0 200 200 
24.135 8.54459 5.82625 0.0613995 2.1723 -2.62127 -39.6418 6443 6 -0.0585636 -0.00329096 0.989924 0 0 0 0 0 0 0 0 0 200 200 
24.2 8.55784 5.84222 0.0613945 2.19609 -2.64802 -39.6449 6464 6 -0.0561926 -0.000816567 0.990901 0 0 0 0 0 0 0 0 0 200 200 
24.26 8.57005 5.85694 0.061396 2.19314 -2.64557 -39.6416 6483 6 -0.0586469 -0.00266868 0.993262 0 0 0 0 0 0 0 0 0 200 200 
24.325 8.58327 5.87289 0.0613968 2.19026 -2.64294 -39.6404 6504 6 -0.0589853 0.00447766 0.992913 0 0 0 0 0 0 0 0 0 200 200 
24.385 8.59548 5.88761 0.061401 2.18874 -2.63997 -39.6375 6523 6 -0.059256 0.0101947 0.992634 0 0 0 0 0 0 0 0 0 200 200 
24.45 8.60868 5.90352 0.0613983 2.16467 -2.61196 -39.6349 6543 6 -0.0598321 0.00446373 0.991256 0 0 0 0 0 0 0 0 0 200 200 
24.51 8.62092 5.91827 0.0614001 2.19186 -2.64476 -39.6384 6563 6 -0.0579042 0.00195214 0.994783 0 0 0 0 0 0 0 0 0 200 200 
24.575 8.63415 5.93423 0.0613991 2.20233 -2.65707 -39.6351 6583 6 -0.0563619 -5.71428e-005 0.997605 0 0 0 0 0 0 0 0 0 200 200 
24.635 8.64633 5.94888 0.061401 2.1582 -2.60507 -39.6359 6602 6 -0.0590387 0.000627148 0.995819 0 0 0 0 0 0 0 0 0 200 200 
24.7 8.65955 5.96483 0.0613994 2.16308 -2.61308 -39.6338 6623 6 -0.0611801 0.00117458 0.99439 0 0 0 0 0 0 0 0 0 200 200 
24.76 8.6718 5.97961 0.0613959 2.20745 -2.66279 -39.6289 6642 6 -0.0598498 -0.00274949 0.994916 0 0 0 0 0 0 0 0 0 200 200 
24.825 8.68506 5.99558 0.0613966 2.23044 -2.69235 -39.6256 6663 6 -0.0593885 0.000218506 0.99559 0 0 0 0 0 0 0 0 0 200 200 
24.885 8.69725 6.01026 0.0613977 2.20463 -2.6635 -39.626 6682 6 -0.0590195 0.00259291 0.99613 0 0 0 0 0 0 0 0 0 200 200 
24.95 8.71042 6.02614 0.0613978 2.15831 -2.60523 -39.63 6703 6 -0.0602215 0.00126804 0.997656 0 0 0 0 0 0 0 0 0 200 200 
25.01 8.72268 6.04091 0.0614003 2.20599 -2.66088 -39.6263 6722 6 -0.0574164 -0.00248229 0.997633 0 0 0 0 0 0 0 0 0 200 200 
25.075 8.73587 6.05683 0.0613972 2.17515 -2.62691 -39.63 6743 6 -0.0551722 -0.00548256 0.997614 0 0 0 0 0 0 0 0 0 200 200 
25.135 8.74805 6.07151 0.0613952 2.15219 -2.59651 -39.6348 6762 6 -0.0545651 0.000932203 0.998418 0 0 0 0 0 0 0 0 0 200 200 
25.2 8.76133 6.08747 0.0613986 2.17823 -2.62835 -39.6329 6782 6 -0.0551502 0.00201147 0.998698 0 0 0 0 0 0 0 0 0 200 200 
25.26 8.77356 6.10222 0.0613973 2.20119 -2.65669 -39.6301 6802 6 -0.0556184 0.00287489 0.998923 0 0 0 0 0 0 0 0 0 200 200 
25.325 8.78674 6.11814 0.0613973 2.16838 -2.6177 -39.6333 6822 6 -0.0565818 0.00198069 1.00084 0 0 0 0 0 0 0 0 0 200 200 
25.385 8.79895 6.13288 0.0613954 2.17875 -2.6333 -39.6342 6841 6 -0.0580719 0.00405727 0.997348 0 0 0 0 0 0 0 0 0 200 200 
25.45 8.81216 6.14882 0.0613947 2.16968 -2.61937 -39.633 6862 6 -0.059264 0.00571854 0.994558 0 0 0 0 0 0 0 0 0 200 200 
25.51 8.82441 6.16355 0.0613989 2.19227 -2.64607 -39.6334 6881 6 -0.0597757 0.007632 1.00008 0 0 0 0 0 0 0 0 0 200 200 
25.575 8.83761 6.17947 0.0613929 2.17099 -2.6189 -39.6356 6902 6 -0.0596731 0.00697405 0.998239 0 0 0 0 0 0 0 0 0 200 200 
25.635 8.84984 6.19423 0.0613977 2.19184 -2.64607 -39.6342 6921 6 -0.0595911 0.00644769 0.996767 0 0 0 0 0 0 0 0 0 200 200 
25.7 8.86308 6.21019 0.0614001 2.21141 -2.66642 -39.6394 6942 6 -0.0592956 0.00247423 0.995106 0 0 0 0 0 0 0 0 0 200 200 
25.76 8.87525 6.2249 0.0613963 2.19315 -2.64455 -39.6406 6961 6 -0.0590592 -0.000704536 0.993778 0 0 0 0 0 0 0 0 0 200 200 
25.825 8.88847 6.24082 0.0613934 2.17412 -2.62563 -39.6389 6982 6 -0.0597823 -0.0025868 0.99514 0 0 0 0 0 0 0 0 0 200 200 
25.885 8.90065 6.25552 0.0613962 2.16175 -2.60885 -39.6384 7001 6 -0.0603608 -0.00409262 0.996229 0 0 0 0 0 0 0 0 0 200 200 
25.95 8.91391 6.2715 0.0614003 2.18397 -2.63396 -39.6404 7022 6 -0.0573147 -0.00335954 0.993291 0 0 0 0 0 0 0 0 0 200 200 
26.01 8.92611 6.28621 0.0613961 2.18228 -2.63314 -39.6392 7041 6 -0.0572523 -0.000125064 0.99425 0 0 0 0 0 0 0 0 0 200 200 
26.075 8.93931 6.30212 0.0614024 2.16228 -2.60755 -39.6426 7061 6 -0.0587671 0.00154482 0.992759 0 0 0 0 0 0 0 0 0 200 200 
26.135 8.95156 6.31686 0.0613974 2.18858 -2.63906 -39.6413 7080 6 -0.059979 0.00288072 0.991565 0 0 0 0 0 0 0 0 0 200 200 
26.2 8.96482 6.33284 0.0613988 2.21741 -2.67639 -39.6385 7101 6 -0.0577371 0.00463392 0.993994 0 0 0 0 0 0 0 0 0 200 200 
26.26 8.97697 6.34747 0.061398 2.15876 -2.6014 -39.6398 7120 6 -0.0559435 0.00603649 0.995937 0 0 0 0 0 0 0 0 0 200 200 
26.325 8.99022 6.36348 0.0613971 2.19437 -2.64892 -39.6366 7141 6 -0.0552003 0.0072626 0.999717 0 0 0 0 0 0 0 0 0 200 200 
26.385 9.00244 6.37823 0.0613966 2.21565 -2.67266 -39.6333 7160 6 -0.056927 0.00386772 0.999821 0 0 0 0 0 0 0 0 0 200 200 
26.45 9.01557 6.39407 0.0613962 2.12526 -2.56538 -39.6395 7181 6 -0.0560113 0.00518497 0.998885 0 0 0 0 0 0 0 0 0 200 200 
26.51 9.02781 6.40881 0.0613969 2.1577 -2.60162 -39.6372 7200 6 -0.0552788 0.00623876 0.998136 0 0 0 0 0 0 0 0 0 200 200 
26.575 9.04112 6.42484 0.0613996 2.22351 -2.68296 -39.6338 7221 6 -0.0583008 0.00350778 0.9946 0 0 0 0 0 0 0 0 0 200 200 
26.635 9.05332 6.43953 0.0613976 2.2096 -2.66734 -39.6334 7240 6 -0.0598276 0.000718407 0.994689 0 0 0 0 0 0 0 0 0 200 200 
26.7 9.06649 6.4554 0.0614019 2.15255 -2.59911 -39.6344 7260 6 -0.0610491 -0.00151309 0.99476 0 0 0 0 0 0 0 0 0 200 200 
26.76 9.07869 6.4701 0.061397 2.14919 -2.59411 -39.6303 7280 6 -0.0582027 -0.000588095 0.996981 0 0 0 0 0 0 0 0 0 200 200 
26.825 9.09198 6.48611 0.0614035 2.19651 -2.6522 -39.6286 7300 6 -0.0604987 -0.000786574 0.99493 0 0 0 0 0 0 0 0 0 200 200 
26.885 9.10416 6.50079 0.0614009 2.17303 -2.62254 -39.6315 7319 6 -0.0623354 -0.000945358 0.993288 0 0 0 0 0 0 0 0 0 200 200 
26.95 9.11738 6.51672 0.0613963 2.16525 -2.61322 -39.6324 7340 6 -0.0608144 -0.00304995 0.995028 0 0 0 0 0 0 0 0 0 200 200 
27.01 9.12963 6.53144 0.0613976 2.18092 -2.63248 -39.6336 7359 6 -0.0595975 -0.00473363 0.996419 0 0 0 0 0 0 0 0 0 200 200 
27.075 9.14292 6.54746 0.0614007 2.24454 -2.70649 -39.6336 7380 6 -0.0587902 -0.00765307 0.997447 0 0 0 0 0 0 0 0 0 200 200 
27.135 9.15508 6.56209 0.0613989 2.1771 -2.62743 -39.6387 7399 6 -0.0604403 -0.00268618 0.998117 0 0 0 0 0 0 0 0 0 200 200 
27.2 9.16826 6.57799 0.0613983 2.14776 -2.58822 -39.6379 7420 6 -0.0617603 0.00128733 0.998654 0 0 0 0 0 0 0 0 0 200 200 
27.26 9.18046 6.59271 0.061396 2.1444 -2.58799 -39.635 7439 6 -0.0592843 0.00379925 0.999277 0 0 0 0 0 0 0 0 0 200 200 
27.325 9.19379 6.60877 0.0613991 2.23422 -2.6988 -39.631 7460 6 -0.0635771 0.00765202 0.996465 0 0 0 0 0 0 0 0 0 200 200 
27.385 9.20595 6.62343 0.0613956 2.1929 -2.64776 -39.63 7479 6 -0.0670113 0.0107342 0.994214 0 0 0 0 0 0 0 0 0 200 200 
27.45 9.21913 6.63931 0.061399 2.14542 -2.58791 -39.6298 7499 6 -0.0643615 0.00485824 0.996686 0 0 0 0 0 0 0 0 0 200 200 
27.51 9.23134 6.65403 0.0613945 2.15185 -2.59859 -39.6251 7519 6 -0.0622416 0.000157446 0.998663 0 0 0 0 0 0 0 0 0 200 200 
27.575 9.2446 6.67004 0.0613995 2.19062 -2.64611 -39.6198 7539 6 -0.0568298 0.00287735 1.00286 0 0 0 0 0 0 0 0 0 200 200 
27.635 9.25686 6.68482 0.0613993 2.2356 -2.69788 -39.6179 7559 6 -0.0577343 0.00106937 1.00369 0 0 0 0 0 0 0 0 0 200 200 
27.7 9.27004 6.70073 0.0613999 2.20156 -2.65844 -39.6195 7579 6 -0.0584579 -0.00037702 1.00436 0 0 0 0 0 0 0 0 0 200 200 
27.76 9.28221 6.7154 0.0613932 2.17241 -2.62094 -39.6165 7598 6 -0.0581632 0.0041689 1.00424 0 0 0 0 0 0 0 0 0 200 200 
27.825 9.29548 6.73139 0.0613973 2.20605 -2.66415 -39.6131 7619 6 -0.0589374 -0.000506286 1.00201 0 0 0 0 0 0 0 0 0 200 200 
27.885 9.30768 6.74611 0.0614027 2.19931 -2.65453 -39.6151 7638 6 -0.0595567 -0.00424643 1.00022 0 0 0 0 0 0 0 0 0 200 200 
27.95 9.32084 6.76198 0.0613978 2.14298 -2.58842 -39.616 7659 6 -0.0585911 0.00318513 0.99741 0 0 0 0 0 0 0 0 0 200 200 
28.01 9.33304 6.7767 0.0613973 2.13614 -2.58178 -39.6176 7678 6 -0.0578187 0.00913039 0.995162 0 0 0 0 0 0 0 0 0 200 200 
28.075 9.34635 6.79279 0.0613977 2.23711 -2.70069 -39.6154 7699 6 -0.0563837 0.00435344 0.996303 0 0 0 0 0 0 0 0 0 200 200 
28.135 9.35852 6.80747 0.0613949 2.20307 -2.66239 -39.6185 7718 6 -0.0552358 0.000531889 0.997216 0 0 0 0 0 0 0 0 0 200 200 
28.2 9.37164 6.82328 0.0613987 2.1049 -2.54126 -39.6248 7738 6 -0.0536281 -0.00241701 0.997488 0 0 0 0 0 0 0 0 0 200 200 
28.26 9.38394 6.8381 0.0613973 2.1891 -2.64288 -39.6236 7758 6 -0.0525722 0.00481641 0.997086 0 0 0 0 0 0 0 0 0 200 200 
28.325 9.39724 6.85412 0.0613973 2.24927 -2.71552 -39.619 7779 6 -0.0517275 0.0106031 0.996764 0 0 0 0 0 0 0 0 0 200 200 
28.385 9.40937 6.86872 0.0613981 2.16646 -2.61492 -39.6257 7798 6 -0.0555174 0.0112967 0.997921 0 0 0 0 0 0 0 0 0 200 200 
28.45 9.42254 6.88462 0.0614012 2.12307 -2.56239 -39.6314 7818 6 -0.0570475 0.0080993 0.99656 0 0 0 0 0 0 0 0 0 200 200 
28.51 9.43483 6.8994 0.0613968 2.18269 -2.6348 -39.6297 7837 6 -0.057223 0.00516845 0.996551 0 0 0 0 0 0 0 0 0 200 200 
28.575 9.44809 6.9154 0.0613954 2.21749 -2.67911 -39.6298 7858 6 -0.0573633 0.00282377 0.996544 0 0 0 0 0 0 0 0 0 200 200 
28.635 9.46029 6.93008 0.0613978 2.19474 -2.65198 -39.6306 7877 6 -0.057218 0.00146526 0.997186 0 0 0 0 0 0 0 0 0 200 200 
28.7 9.47347 6.94598 0.0613959 2.15695 -2.60491 -39.6332 7898 6 -0.0571018 0.000378458 0.997699 0 0 0 0 0 0 0 0 0 200 200 
28.76 9.48571 6.96075 0.0613993 2.1982 -2.64994 -39.633 7917 6 -0.0552794 -0.000755266 0.998085 0 0 0 0 0 0 0 0 0 200 200 
28.825 9.49895 6.97673 0.0613977 2.21701 -2.67592 -39.6296 7938 6 -0.0592713 0.00145502 0.996936 0 0 0 0 0 0 0 0 0 200 200 
28.885 9.5111 6.99138 0.0613977 2.16545 -2.60992 -39.6327 7957 6 -0.0624648 0.00322324 0.996017 0 0 0 0 0 0 0 0 0 200 200 
28.95 9.52435 7.00735 0.0613963 2.18581 -2.6381 -39.6292 7978 6 -0.0614349 0.00123252 0.995771 0 0 0 0 0 0 0 0 0 200 200 
29.01 9.5366 7.02213 0.0614007 2.22517 -2.68619 -39.6245 7997 6 -0.060611 -0.000360065 0.995574 0 0 0 0 0 0 0 0 0 200 200 
29.075 9.54974 7.03797 0.0613984 2.1423 -2.58526 -39.6248 8017 6 -0.0628938 -0.00194678 0.993925 0 0 0 0 0 0 0 0 0 200 200 
29.135 9.56195 7.0527 0.0613949 2.15602 -2.60305 -39.6263 8037 6 -0.0613692 -0.00117518 0.993477 0 0 0 0 0 0 0 0 0 200 200 
29.2 9.57527 7.06875 0.0614017 2.23246 -2.69375 -39.6249 8057 6 -0.0633591 -0.00165457 0.992503 0 0 0 0 0 0 0 0 0 200 200 
29.26 9.58743 7.08342 0.0613981 2.19502 -2.64967 -39.6291 8076 6 -0.0649511 -0.00203808 0.991723 0 0 0 0 0 0 0 0 0 200 200 
29.325 9.60063 7.09932 0.0613979 2.16625 -2.61325 -39.6295 8097 6 -0.0648835 -0.00250143 0.99213 0 0 0 0 0 0 0 0 0 200 200 
29.385 9.6129 7.1141 0.0613987 2.21517 -2.67137 -39.6296 8116 6 -0.0648295 -0.00287212 0.992456 0 0 0 0 0 0 0 0 0 200 200 
29.45 9.62615 7.13006 0.0614016 2.23316 -2.69635 -39.6248 8137 6 -0.0642651 -0.00704013 0.989543 0 0 0 0 0 0 0 0 0 200 200 
29.51 9.63828 7.14471 0.0613939 2.17305 -2.62228 -39.6264 8156 6 -0.0641806 -0.00318264 0.991578 0 0 0 0 0 0 0 0 0 200 200 
29.575 9.6515 7.16062 0.0613962 2.1628 -2.60792 -39.6288 8177 6 -0.0641131 -9.66502e-005 0.993205 0 0 0 0 0 0 0 0 0 200 200 
29.635 9.66372 7.17536 0.0614018 2.17598 -2.62721 -39.6281 8196 6 -0.0637955 0.00145943 0.994893 0 0 0 0 0 0 0 0 0 200 200 
29.7 9.67697 7.19136 0.061402 2.21387 -2.67242 -39.6255 8217 6 -0.0621199 -0.00103634 0.994548 0 0 0 0 0 0 0 0 0 200 200 
29.76 9.68916 7.20606 0.061402 2.19399 -2.64683 -39.6308 8236 6 -0.0607794 -0.00303295 0.994272 0 0 0 0 0 0 0 0 0 200 200 
29.825 9.70235 7.22196 0.0613968 2.16646 -2.615 -39.6293 8256 6 -0.0607293 -0.00405544 0.991253 0 0 0 0 0 0 0 0 0 200 200 
29.885 9.71458 7.23672 0.061399 2.19601 -2.64969 -39.6279 8276 6 -0.0604967 -0.000497663 0.991298 0 0 0 0 0 0 0 0 0 200 200 
29.95 9.72783 7.2527 0.0613999 2.2148 -2.67243 -39.6267 8296 6 -0.0603107 0.00234856 0.991334 0 0 0 0 0 0 0 0 0 200 200 
30.01 9.74003 7.26741 0.0613974 2.21566 -2.67535 -39.6253 8315 6 -0.0599908 -0.0016606 0.991175 0 0 0 0 0 0 0 0 0 200 200 
30.075 9.75321 7.28334 0.0613979 2.18522 -2.63766 -39.6249 8336 6 -0.0597349 -0.00486793 0.991048 0 0 0 0 0 0 0 0 0 200 200 
30.135 9.76541 7.29804 0.0613983 2.17957 -2.63206 -39.6215 8355 6 -0.0589073 -0.00461326 0.990449 0 0 0 0 0 0 0 0 0 200 200 
30.2 9.77863 7.31399 0.0613985 2.1819 -2.63667 -39.6206 8376 6 -0.0607494 -0.00246516 0.991474 0 0 0 0 0 0 0 0 0 200 200 
30.26 9.79084 7.32872 0.0613969 2.19165 -2.64465 -39.6215 8395 6 -0.0622231 -0.000746687 0.992294 0 0 0 0 0 0 0 0 0 200 200 
30.325 9.80406 7.34465 0.0613984 2.17728 -2.62928 -39.6181 8416 6 -0.0633589 -0.00021368 0.992272 0 0 0 0 0 0 0 0 0 200 200 
30.385 9.81625 7.35935 0.061401 2.16616 -2.61214 -39.6202 8435 6 -0.0605488 7.59899e-005 0.993738 0 0 0 0 0 0 0 0 0 200 200 
30.45 9.82948 7.3753 0.0613993 2.17173 -2.62035 -39.6183 8456 6 -0.0583007 0.000307726 0.994911 0 0 0 0 0 0 0 0 0 200 200 
30.51 9.84172 7.39007 0.0613976 2.20132 -2.6565 -39.6138 8475 6 -0.0572731 -0.000106691 0.995857 0 0 0 0 0 0 0 0 0 200 200 
30.575 9.85494 7.40602 0.0613969 2.20454 -2.66082 -39.6135 8496 6 -0.0564511 -0.000438224 0.996613 0 0 0 0 0 0 0 0 0 200 200 
30.635 9.8671 7.42071 0.0613962 2.18073 -2.63404 -39.6125 8515 6 -0.0579007 -0.0010907 0.995741 0 0 0 0 0 0 0 0 0 200 200 
30.7 9.88033 7.43666 0.0613976 2.17817 -2.63094 -39.611 8535 6 -0.0570108 -0.00156814 0.997598 0 0 0 0 0 0 0 0 0 200 200 
30.76 9.89252 7.45135 0.0614002 2.16643 -2.61824 -39.6099 8554 6 -0.0562989 -0.0019501 0.999083 0 0 0 0 0 0 0 0 0 200 200 
30.825 9.90575 7.46728 0.0613964 2.1533 -2.6021 -39.611 8575 6 -0.0574151 -0.00254 0.999836 0 0 0 0 0 0 0 0 0 200 200 
30.885 9.918 7.48205 0.0613963 2.20352 -2.66118 -39.6088 8594 6 -0.058308 -0.00301192 1.00044 0 0 0 0 0 0 0 0 0 200 200 
30.95 9.93124 7.49802 0.0613979 2.21394 -2.67609 -39.6095 8615 6 -0.0569143 -0.00385222 1.00008 0 0 0 0 0 0 0 0 0 200 200 
31.01 9.94343 7.51271 0.0613962 2.19379 -2.64858 -39.6098 8634 6 -0.0578376 -0.00546461 0.999106 0 0 0 0 0 0 0 0 0 200 200 
31.075 9.95663 7.5286 0.0613957 2.17028 -2.62052 -39.6103 8655 6 -0.0585762 -0.00675452 0.998329 0 0 0 0 0 0 0 0 0 200 200 
31.135 9.96887 7.54336 0.0613974 2.1957 -2.65067 -39.6063 8674 6 -0.0588824 -0.00745936 0.998502 0 0 0 0 0 0 0 0 0 200 200 
31.2 9.98209 7.5593 0.0613976 2.19859 -2.65488 -39.6045 8695 6 -0.0591274 -0.00802324 0.99864 0 0 0 0 0 0 0 0 0 200 200 
31.26 9.99429 7.57403 0.061396 2.20042 -2.65744 -39.6058 8714 6 -0.0605491 -0.00391408 0.99878 0 0 0 0 0 0 0 0 0 200 200 
31.325 10.0075 7.58993 0.0613971 2.15886 -2.60543 -39.6107 8734 6 -0.0616864 -0.000626747 0.998891 0 0 0 0 0 0 0 0 0 200 200 
31.385 10.0197 7.60469 0.0613972 2.20493 -2.66468 -39.6122 8754 6 -0.0582111 0.00231812 1.00135 0 0 0 0 0 0 0 0 0 200 200 
31.45 10.033 7.62065 0.061399 2.2088 -2.66792 -39.6121 8774 6 -0.0584295 0.000460695 1.00097 0 0 0 0 0 0 0 0 0 200 200 
31.51 10.0451 7.63533 0.0613974 2.18772 -2.64208 -39.6099 8793 6 -0.0586042 -0.00102524 1.00066 0 0 0 0 0 0 0 0 0 200 200 
31.575 10.0584 7.65126 0.0614039 2.17275 -2.62512 -39.6105 8814 6 -0.0600166 0.000520475 1.00153 0 0 0 0 0 0 0 0 0 200 200 
31.635 10.0706 7.66599 0.061401 2.18052 -2.63423 -39.6093 8833 6 -0.0611464 0.00175705 1.00223 0 0 0 0 0 0 0 0 0 200 200 
31.7 10.0838 7.68194 0.061395 2.17614 -2.62873 -39.6073 8854 6 -0.0582239 0.00040464 1.00028 0 0 0 0 0 0 0 0 0 200 200 
31.76 10.096 7.69669 0.0614006 2.19184 -2.64586 -39.6088 8873 6 -0.0577145 0.00227779 0.999988 0 0 0 0 0 0 0 0 0 200 200 
31.825 10.1092 7.71257 0.0613965 2.14506 -2.59116 -39.6132 8894 6 -0.0573069 0.00377631 0.999757 0 0 0 0 0 0 0 0 0 200 200 
31.885 10.1214 7.72729 0.061397 2.14866 -2.59483 -39.6141 8913 6 -0.0577911 0.00367156 1.00192 0 0 0 0 0 0 0 0 0 200 200 
31.95 10.1347 7.74333 0.0613957 2.20787 -2.66638 -39.6091 8934 6 -0.0581784 0.00358777 1.00366 0 0 0 0 0 0 0 0 0 200 200 
32.015 10.1479 7.75925 0.0613998 2.19052 -2.64744 -39.6105 8954 6 -0.0625532 -0.000739921 1.00102 0 0 0 0 0 0 0 0 0 200 200 
32.075 10.16 7.77391 0.0613969 2.15047 -2.59853 -39.6134 8973 6 -0.0603544 -0.00206603 0.999808 0 0 0 0 0 0 0 0 0 200 200 
32.14 10.1733 7.7899 0.0613974 2.17331 -2.62271 -39.6118 8994 6 -0.0585954 -0.00312692 0.998838 0 0 0 0 0 0 0 0 0 200 200 
32.2 10.1855 7.80467 0.0613977 2.21947 -2.68092 -39.6073 9013 6 -0.0578697 -0.00516677 1.00005 0 0 0 0 0 0 0 0 0 200 200 
32.265 10.1987 7.82057 0.0613947 2.1896 -2.64431 -39.6098 9034 6 -0.0611737 -0.00238026 0.998761 0 0 0 0 0 0 0 0 0 200 200 
32.325 10.2109 7.83525 0.0613931 2.15896 -2.6071 -39.6152 9053 6 -0.0638168 -0.000151054 0.997731 0 0 0 0 0 0 0 0 0 200 200 
32.39 10.2242 7.85124 0.061398 2.20175 -2.65735 -39.6142 9074 6 -0.0659314 0.00163231 0.996908 0 0 0 0 0 0 0 0 0 200 200 
32.45 10.2364 7.86598 0.0614023 2.21476 -2.67531 -39.6125 9093 6 -0.0649999 -0.000235995 0.996539 0 0 0 0 0 0 0 0 0 200 200 
32.515 10.2495 7.88181 0.0613965 2.12605 -2.5688 -39.6141 9114 6 -0.0642547 -0.00173064 0.996244 0 0 0 0 0 0 0 0 0 200 200 
32.575 10.2618 7.89657 0.0613977 2.14755 -2.59267 -39.6114 9133 6 -0.0628831 -0.00038182 0.996972 0 0 0 0 0 0 0 0 0 200 200 
32.64 10.275 7.91258 0.0613949 2.20015 -2.65644 -39.6089 9154 6 -0.0617858 0.000697237 0.997554 0 0 0 0 0 0 0 0 0 200 200 
32.7 10.2873 7.92727 0.0613969 2.19434 -2.64962 -39.6123 9173 6 -0.0602964 0.000606546 0.99548 0 0 0 0 0 0 0 0 0 200 200 
32.765 10.3005 7.94319 0.0613968 2.17992 -2.63204 -39.6155 9193 6 -0.0591049 0.000533993 0.99382 0 0 0 0 0 0 0 0 0 200 200 
32.825 10.3127 7.95794 0.0613975 2.1851 -2.63829 -39.6162 9213 6 -0.0575474 0.00328226 0.993735 0 0 0 0 0 0 0 0 0 200 200 
32.89 10.3259 7.97389 0.0613942 2.19284 -2.64696 -39.6126 9233 6 -0.0575661 -0.000310311 0.993426 0 0 0 0 0 0 0 0 0 200 200 
32.95 10.3382 7.98868 0.0613993 2.24418 -2.70972 -39.6122 9252 6 -0.0575811 -0.00318436 0.993179 0 0 0 0 0 0 0 0 0 200 200 
33.015 10.3513 8.00454 0.0614017 2.17252 -2.62305 -39.6197 9273 6 -0.0567325 -0.0036729 0.993132 0 0 0 0 0 0 0 0 0 200 200 
33.075 10.3635 8.01921 0.061398 2.13488 -2.57979 -39.6238 9292 6 -0.0560536 -0.00406372 0.993093 0 0 0 0 0 0 0 0 0 200 200 
33.14 10.3768 8.03524 0.0613973 2.20411 -2.6621 -39.6198 9313 6 -0.0530601 -0.00195519 0.995953 0 0 0 0 0 0 0 0 0 200 200 
33.2 10.389 8.05 0.0613978 2.22276 -2.68533 -39.6163 9332 6 -0.0568635 0.000619412 0.994508 0 0 0 0 0 0 0 0 0 200 200 
33.265 10.4022 8.0659 0.061398 2.18804 -2.64246 -39.6176 9353 6 -0.0599061 0.00267909 0.993351 0 0 0 0 0 0 0 0 0 200 200 
33.325 10.4144 8.08059 0.0613976 2.1596 -2.60798 -39.6174 9372 6 -0.0591884 0.00624422 0.993749 0 0 0 0 0 0 0 0 0 200 200 
33.39 10.4276 8.09656 0.0613945 2.18732 -2.64246 -39.6162 9393 6 -0.0577609 0.00347933 0.995944 0 0 0 0 0 0 0 0 0 200 200 
33.45 10.4399 8.11133 0.0613949 2.23828 -2.70308 -39.6151 9412 6 -0.056619 0.00126742 0.997701 0 0 0 0 0 0 0 0 0 200 200 
33.515 10.4531 8.12721 0.0614015 2.17656 -2.62841 -39.6161 9432 6 -0.0567926 0.00139443 1.00054 0 0 0 0 0 0 0 0 0 200 200 
33.575 10.4652 8.14186 0.0613953 2.12969 -2.57153 -39.6199 9451 6 -0.0560239 0.00374199 0.997742 0 0 0 0 0 0 0 0 0 200 200 
33.64 10.4785 8.15792 0.0614016 2.2159 -2.67573 -39.6167 9472 6 -0.055409 0.00562004 0.995502 0 0 0 0 0 0 0 0 0 200 200 
33.7 10.4907 8.17269 0.0613954 2.24694 -2.71318 -39.6142 9492 6 -0.057493 0.0020784 0.995325 0 0 0 0 0 0 0 0 0 200 200 
33.765 10.5039 8.18855 0.0613932 2.16063 -2.60672 -39.6128 9512 6 -0.058657 0.00379944 0.996102 0 0 0 0 0 0 0 0 0 200 200 
33.825 10.5161 8.20326 0.0613957 2.14814 -2.59713 -39.6117 9531 6 -0.0595882 0.00517626 0.996723 0 0 0 0 0 0 0 0 0 200 200 
33.89 10.5293 8.21927 0.0613953 2.20299 -2.66191 -39.6089 9552 6 -0.0594676 0.00348421 0.996429 0 0 0 0 0 0 0 0 0 200 200 
33.95 10.5415 8.234 0.0613988 2.20652 -2.66601 -39.6092 9571 6 -0.0595971 0.00271516 0.997811 0 0 0 0 0 0 0 0 0 200 200 
34.015 10.5547 8.24992 0.061393 2.18805 -2.64504 -39.6029 9592 6 -0.0597006 0.00209991 0.998916 0 0 0 0 0 0 0 0 0 200 200 
34.075 10.5669 8.26467 0.0613964 2.19613 -2.65361 -39.6019 9611 6 -0.0599637 0.00365992 1.00031 0 0 0 0 0 0 0 0 0 200 200 
34.14 10.5801 8.28063 0.0613964 2.19354 -2.6496 -39.6054 9632 6 -0.0601741 0.00490792 1.00142 0 0 0 0 0 0 0 0 0 200 200 
34.2 10.5924 8.29536 0.0613958 2.20039 -2.65829 -39.6053 9651 6 -0.062584 0.00268267 1.00059 0 0 0 0 0 0 0 0 0 200 200 
34.265 10.6055 8.31126 0.0613916 2.16454 -2.61389 -39.6067 9671 6 -0.0645119 0.000902472 0.999919 0 0 0 0 0 0 0 0 0 200 200 
34.325 10.6178 8.32602 0.0613984 2.18335 -2.63946 -39.6065 9691 6 -0.0606844 -0.000439035 0.998403 0 0 0 0 0 0 0 0 0 200 200 
34.39 10.631 8.34202 0.0613969 2.23015 -2.69528 -39.6033 9711 6 -0.0618866 -0.0041549 0.998466 0 0 0 0 0 0 0 0 0 200 200 
34.45 10.6432 8.35671 0.0613969 2.18689 -2.64116 -39.6055 9730 6 -0.0628483 -0.00712759 0.998517 0 0 0 0 0 0 0 0 0 200 200 
34.515 10.6564 8.37263 0.0613952 2.16823 -2.61875 -39.6083 9751 6 -0.0619703 -0.00685925 0.999615 0 0 0 0 0 0 0 0 0 200 200 
34.575 10.6686 8.3874 0.0613986 2.19882 -2.65676 -39.6063 9770 6 -0.0613558 -0.00785321 0.999089 0 0 0 0 0 0 0 0 0 200 200 
34.64 10.6818 8.40332 0.0613964 2.17598 -2.62794 -39.6076 9791 6 -0.0608643 -0.00864839 0.998669 0 0 0 0 0 0 0 0 0 200 200 
34.7 10.694 8.41801 0.0613998 2.15401 -2.60273 -39.6067 9810 6 -0.0619315 -0.00948408 0.997516 0 0 0 0 0 0 0 0 0 200 200 
34.765 10.7073 8.43397 0.0613977 2.1717 -2.62579 -39.6048 9831 6 -0.0627853 -0.0101526 0.996595 0 0 0 0 0 0 0 0 0 200 200 
34.825 10.7195 8.44874 0.0613946 2.19901 -2.65868 -39.6023 9850 6 -0.062146 -0.00703062 0.997085 0 0 0 0 0 0 0 0 0 200 200 
34.89 10.7327 8.46473 0.0614019 2.22359 -2.68616 -39.6004 9871 6 -0.0622806 -0.0077877 1.00132 0 0 0 0 0 0 0 0 0 200 200 
34.95 10.7449 8.47942 0.0613962 2.1896 -2.64431 -39.6032 9890 6 -0.0623883 -0.00839337 1.0047 0 0 0 0 0 0 0 0 0 200 200 
35.015 10.7581 8.49537 0.0613969 2.18241 -2.6367 -39.6017 9911 6 -0.06075 -0.0070104 1.00603 0 0 0 0 0 0 0 0 0 200 200 
35.075 10.7703 8.51008 0.061399 2.17866 -2.63157 -39.6023 9930 6 -0.0594393 -0.00590402 1.00709 0 0 0 0 0 0 0 0 0 200 200 
35.14 10.7835 8.52602 0.0613971 2.17364 -2.62616 -39.599 9950 6 -0.0584275 -0.00967642 1.0062 0 0 0 0 0 0 0 0 0 200 200 
35.2 10.7957 8.54077 0.0613957 2.1892 -2.64435 -39.5996 9970 6 -0.0584268 -0.00727832 1.00212 0 0 0 0 0 0 0 0 0 200 200 
35.265 10.8089 8.55675 0.0613957 2.20891 -2.6695 -39.6001 9990 6 -0.0584263 -0.00535984 0.998855 0 0 0 0 0 0 0 0 0 200 200 
35.325 10.8211 8.57145 0.0614036 2.18304 -2.63896 -39.6007 10009 6 -0.0590109 -0.00568595 0.999142 0 0 0 0 0 0 0 0 0 200 200 
35.39 10.8343 8.58737 0.0613979 2.1656 -2.6167 -39.6003 10030 6 -0.0560576 -0.00426777 1.00221 0 0 0 0 0 0 0 0 0 200 200 
35.45 10.8466 8.60215 0.0613961 2.21669 -2.67667 -39.6003 10049 6 -0.0536948 -0.00313323 1.00467 0 0 0 0 0 0 0 0 0 200 200 
35.515 10.8597 8.61807 0.0613955 2.19147 -2.64742 -39.6021 10070 6 -0.0557376 -0.00228217 1.00348 0 0 0 0 0 0 0 0 0 200 200 
35.575 10.8719 8.63278 0.0613972 2.1692 -2.62277 -39.6017 10089 6 -0.0591475 -0.00839611 0.999832 0 0 0 0 0 0 0 0 0 200 200 
35.64 10.8852 8.64873 0.0613938 2.18367 -2.63752 -39.6041 10110 6 -0.0618753 -0.0132873 0.996913 0 0 0 0 0 0 0 0 0 200 200 
35.7 10.8974 8.66345 0.0613972 2.17157 -2.62471 -39.6058 10129 6 -0.0640576 -0.0172002 0.994578 0 0 0 0 0 0 0 0 0 200 200 
35.765 10.9106 8.67943 0.0613949 2.19943 -2.65922 -39.6046 10150 6 -0.0650934 -0.0175503 0.996483 0 0 0 0 0 0 0 0 0 200 200 
35.825 10.9228 8.69415 0.0614012 2.19781 -2.65483 -39.5998 10169 6 -0.0659221 -0.0178304 0.998007 0 0 0 0 0 0 0 0 0 200 200 
35.89 10.936 8.71003 0.0613963 2.14267 -2.58921 -39.603 10189 6 -0.066585 -0.0180545 0.999226 0 0 0 0 0 0 0 0 0 200 200 
35.95 10.9482 8.72478 0.061401 2.15607 -2.60453 -39.6019 10208 6 -0.0628151 -0.0115206 0.998304 0 0 0 0 0 0 0 0 0 200 200 
36.015 10.9615 8.74082 0.061397 2.2183 -2.67945 -39.5954 10229 6 -0.0640277 -0.00704618 0.998564 0 0 0 0 0 0 0 0 0 200 200 
36.075 10.9736 8.75553 0.061396 2.20526 -2.66737 -39.5988 10248 6 -0.0649978 -0.00346664 0.998773 0 0 0 0 0 0 0 0 0 200 200 
36.14 10.9868 8.77138 0.0613945 2.14055 -2.58774 -39.6018 10269 6 -0.0659106 -0.00152726 0.998238 0 0 0 0 0 0 0 0 0 200 200 
36.2 10.9991 8.78616 0.0613967 2.1943 -2.6516 -39.5969 10288 6 -0.0666409 2.42412e-005 0.99781 0 0 0 0 0 0 0 0 0 200 200 
36.265 11.0123 8.80218 0.0613955 2.24137 -2.70926 -39.5956 10309 6 -0.0633575 0.00197572 1.0008 0 0 0 0 0 0 0 0 0 200 200 
36.325 11.0245 8.81681 0.0613987 2.17753 -2.63141 -39.597 10328 6 -0.0635463 0.00402664 0.999865 0 0 0 0 0 0 0 0 0 200 200 
36.39 11.0376 8.83269 0.0613984 2.12227 -2.56352 -39.6018 10349 6 -0.0636974 0.00566737 0.999116 0 0 0 0 0 0 0 0 0 200 200 
36.45 11.0499 8.84751 0.0613945 2.17948 -2.63409 -39.5985 10368 6 -0.0613531 0.00468138 0.9962 0 0 0 0 0 0 0 0 0 200 200 
36.515 11.0631 8.86352 0.0613995 2.22488 -2.68892 -39.5961 10389 6 -0.0593456 -4.72122e-005 0.996098 0 0 0 0 0 0 0 0 0 200 200 
36.575 11.0753 8.87821 0.0613964 2.19153 -2.64798 -39.5951 10408 6 -0.0577397 -0.00383008 0.996015 0 0 0 0 0 0 0 0 0 200 200 
36.64 11.0885 8.89408 0.0614008 2.13316 -2.57832 -39.598 10428 6 -0.0593167 -0.00570211 0.992373 0 0 0 0 0 0 0 0 0 200 200 
36.7 11.1007 8.90885 0.0613989 2.1717 -2.62496 -39.5968 10448 6 -0.0587448 -0.00305891 0.993933 0 0 0 0 0 0 0 0 0 200 200 
36.765 11.114 8.92486 0.0613992 2.20718 -2.66615 -39.5999 10468 6 -0.0582872 -0.000944338 0.99518 0 0 0 0 0 0 0 0 0 200 200 
36.825 11.1261 8.93956 0.0613984 2.18505 -2.63891 -39.6028 10487 6 -0.0604477 0.0018234 0.99676 0 0 0 0 0 0 0 0 0 200 200 
36.89 11.1393 8.95546 0.0613967 2.15201 -2.59997 -39.603 10508 6 -0.0593515 -0.000141443 0.995779 0 0 0 0 0 0 0 0 0 200 200 
36.95 11.1516 8.97026 0.0613952 2.20813 -2.66815 -39.5988 10527 6 -0.0584745 -0.00171332 0.994994 0 0 0 0 0 0 0 0 0 200 200 
37.015 11.1648 8.98625 0.0613975 2.23242 -2.69775 -39.5937 10548 6 -0.0581605 -0.00036973 0.999424 0 0 0 0 0 0 0 0 0 200 200 
37.075 11.1769 9.00088 0.0613971 2.17001 -2.62196 -39.6017 10567 6 -0.0579092 0.000705142 1.00297 0 0 0 0 0 0 0 0 0 200 200 
37.14 11.1901 9.01678 0.0613997 2.13773 -2.5828 -39.6035 10588 6 -0.0587437 -0.000495687 1.00303 0 0 0 0 0 0 0 0 0 200 200 
37.2 11.2024 9.03157 0.061396 2.19751 -2.65513 -39.5995 10607 6 -0.0570336 0.00412999 1.00374 0 0 0 0 0 0 0 0 0 200 200 
37.265 11.2157 9.04754 0.0614002 2.21927 -2.67934 -39.5984 10628 6 -0.0556655 0.00783053 1.00431 0 0 0 0 0 0 0 0 0 200 200 
37.325 11.2278 9.0622 0.0614017 2.16368 -2.61565 -39.5988 10647 6 -0.0568255 0.00925006 0.999431 0 0 0 0 0 0 0 0 0 200 200 
37.39 11.241 9.07812 0.0613993 2.15343 -2.60198 -39.6032 10667 6 -0.0566149 0.00288575 0.998619 0 0 0 0 0 0 0 0 0 200 200 
37.45 11.2533 9.09291 0.061396 2.19487 -2.6542 -39.6 10687 6 -0.0564464 -0.0022057 0.99797 0 0 0 0 0 0 0 0 0 200 200 
37.515 11.2665 9.1089 0.0613987 2.21765 -2.67814 -39.5979 10707 6 -0.0556017 0.00243189 0.999068 0 0 0 0 0 0 0 0 0 200 200 
37.575 11.2787 9.12357 0.0613955 2.17636 -2.62959 -39.6012 10726 6 -0.0549214 0.00141541 0.999045 0 0 0 0 0 0 0 0 0 200 200 
37.64 11.2919 9.1395 0.0613996 2.16353 -2.61456 -39.6039 10747 6 -0.0543772 0.000602227 0.999027 0 0 0 0 0 0 0 0 0 200 200 
37.7 11.3041 9.1542 0.0613982 2.1449 -2.59065 -39.6076 10766 6 -0.0585108 -0.000345812 0.997481 0 0 0 0 0 0 0 0 0 200 200 
37.765 11.3174 9.17022 0.0613939 2.20456 -2.66314 -39.6052 10787 6 -0.0549478 -0.00124818 0.998707 0 0 0 0 0 0 0 0 0 200 200 
37.825 11.3296 9.18496 0.0613971 2.22263 -2.68276 -39.6051 10806 6 -0.0583679 0.000394171 0.995776 0 0 0 0 0 0 0 0 0 200 200 
37.89 11.3428 9.20085 0.0613957 2.16891 -2.62197 -39.6073 10827 6 -0.061104 0.00170805 0.993432 0 0 0 0 0 0 0 0 0 200 200 
37.95 11.355 9.21556 0.0613972 2.18055 -2.63284 -39.6054 10846 6 -0.0612178 0.00539616 0.993059 0 0 0 0 0 0 0 0 0 200 200 
38.015 11.3682 9.23153 0.0613942 2.20185 -2.66137 -39.6035 10867 6 -0.0613089 0.00834666 0.992761 0 0 0 0 0 0 0 0 0 200 200 
38.075 11.3804 9.24623 0.0613985 2.18645 -2.643 -39.6018 10886 6 -0.0614201 0.00285113 0.995073 0 0 0 0 0 0 0 0 0 200 200 
38.14 11.3936 9.26212 0.061394 2.15396 -2.5998 -39.6068 10906 6 -0.0625792 0.00221111 0.995057 0 0 0 0 0 0 0 0 0 200 200 
38.2 11.4058 9.27688 0.0613965 2.16853 -2.61941 -39.6032 10926 6 -0.0635065 0.00169909 0.995044 0 0 0 0 0 0 0 0 0 200 200 
38.265 11.4191 9.29286 0.0613986 2.19773 -2.65415 -39.6056 10946 6 -0.0622747 0.000244421 0.992973 0 0 0 0 0 0 0 0 0 200 200 
38.325 11.4313 9.30758 0.0613967 2.19848 -2.65382 -39.6075 10965 6 -0.0612893 -0.000919313 0.991317 0 0 0 0 0 0 0 0 0 200 200 
38.39 11.4445 9.32349 0.0613968 2.16405 -2.61576 -39.6028 10986 6 -0.0591073 -0.00229735 0.994679 0 0 0 0 0 0 0 0 0 200 200 
38.45 11.4567 9.33821 0.0613984 2.1624 -2.6116 -39.6006 11005 6 -0.0573616 -0.00339978 0.997369 0 0 0 0 0 0 0 0 0 200 200 
38.515 11.4699 9.35419 0.0613947 2.16843 -2.62128 -39.5995 11026 6 -0.0581625 0.000641601 0.994273 0 0 0 0 0 0 0 0 0 200 200 
38.575 11.4821 9.36894 0.0613997 2.20255 -2.66098 -39.5995 11045 6 -0.0588031 0.00387471 0.991797 0 0 0 0 0 0 0 0 0 200 200 
38.64 11.4953 9.38483 0.0613981 2.15938 -2.60852 -39.6057 11066 6 -0.0592648 0.00180336 0.992632 0 0 0 0 0 0 0 0 0 200 200 
38.7 11.5075 9.39954 0.0613976 2.15459 -2.60307 -39.6055 11085 6 -0.0596341 0.000146282 0.993301 0 0 0 0 0 0 0 0 0 200 200 
38.765 11.5208 9.41555 0.0613962 2.1937 -2.64974 -39.6043 11106 6 -0.0603676 0.00316633 0.993346 0 0 0 0 0 0 0 0 0 200 200 
38.825 11.533 9.43028 0.0613955 2.21618 -2.678 -39.6036 11125 6 -0.0631483 -7.31089e-005 0.993951 0 0 0 0 0 0 0 0 0 200 200 
38.89 11.5462 9.44616 0.061397 2.1655 -2.61549 -39.6082 11145 6 -0.0653729 -0.00266466 0.994435 0 0 0 0 0 0 0 0 0 200 200 
38.95 11.5584 9.46091 0.0613962 2.1966 -2.6527 -39.6096 11165 6 -0.0640468 0.00117637 0.997469 0 0 0 0 0 0 0 0 0 200 200 
39.015 11.5716 9.47687 0.0614005 2.19665 -2.65269 -39.6073 11185 6 -0.0629859 0.00424919 0.999895 0 0 0 0 0 0 0 0 0 200 200 
39.075 11.5838 9.49153 0.0613982 2.15245 -2.5988 -39.613 11204 6 -0.0616864 0.00313142 0.997074 0 0 0 0 0 0 0 0 0 200 200 
39.14 11.597 9.5075 0.0614033 2.17115 -2.62583 -39.6093 11225 6 -0.0605207 0.000162938 0.997594 0 0 0 0 0 0 0 0 0 200 200 
39.2 11.6093 9.52228 0.0613989 2.21371 -2.67467 -39.6036 11244 6 -0.059588 -0.00221185 0.998011 0 0 0 0 0 0 0 0 0 200 200 
39.265 11.6225 9.53823 0.0613991 2.21883 -2.68278 -39.6051 11265 6 -0.0604021 -0.000187585 0.996457 0 0 0 0 0 0 0 0 0 200 200 
39.325 11.6347 9.55289 0.0613999 2.17592 -2.62748 -39.6055 11284 6 -0.0622709 -1.00162e-005 0.995263 0 0 0 0 0 0 0 0 0 200 200 
39.39 11.6479 9.56882 0.0613966 2.16172 -2.61281 -39.6058 11305 6 -0.063766 0.000132039 0.994308 0 0 0 0 0 0 0 0 0 200 200 
39.45 11.6601 9.58361 0.0613971 2.20828 -2.66831 -39.6029 11324 6 -0.0613529 -0.00494616 0.994545 0 0 0 0 0 0 0 0 0 200 200 
39.515 11.6734 9.5996 0.0613964 2.23016 -2.69365 -39.6021 11345 6 -0.0606657 -0.00491143 0.995903 0 0 0 0 0 0 0 0 0 200 200 
39.575 11.6856 9.61431 0.061397 2.21134 -2.67174 -39.6012 11364 6 -0.060116 -0.00488365 0.996989 0 0 0 0 0 0 0 0 0 200 200 
39.64 11.6987 9.63017 0.0613988 2.13445 -2.57976 -39.6058 11385 6 -0.0607134 -0.000644662 0.9955 0 0 0 0 0 0 0 0 0 200 200 
39.7 11.7109 9.64491 0.0613972 2.15238 -2.59886 -39.6051 11404 6 -0.0581241 -0.00193389 0.996131 0 0 0 0 0 0 0 0 0 200 200 
39.765 11.7242 9.66097 0.0613972 2.23047 -2.69385 -39.6014 11425 6 -0.0560526 -0.00296527 0.996636 0 0 0 0 0 0 0 0 0 200 200 
39.825 11.7364 9.67561 0.0613976 2.16281 -2.61435 -39.6059 11444 6 -0.0593596 -0.00194781 0.996156 0 0 0 0 0 0 0 0 0 200 200 
39.89 11.7496 9.69153 0.0613985 2.14686 -2.59431 -39.6105 11464 6 -0.0620052 -0.00113384 0.995771 0 0 0 0 0 0 0 0 0 200 200 
39.95 11.7618 9.70633 0.0613923 2.21532 -2.67641 -39.6095 11483 6 -0.0608896 -0.000876139 0.99612 0 0 0 0 0 0 0 0 0 200 200 
40.015 11.7751 9.72232 0.0613989 2.23939 -2.70629 -39.6082 11504 6 -0.0608538 -0.00269334 0.997162 0 0 0 0 0 0 0 0 0 200 200 
40.075 11.7872 9.73694 0.061398 2.17189 -2.62284 -39.6141 11523 6 -0.0608252 -0.00414711 0.997995 0 0 0 0 0 0 0 0 0 200 200 
40.14 11.8004 9.75283 0.0614014 2.12821 -2.57155 -39.6171 11544 6 -0.0563553 -0.00474851 0.99863 0 0 0 0 0 0 0 0 0 200 200 
